1 -0.04733332364788723 -0.8777354589892121 -0.9297485949577882 -0.018101159700119565
1 1.3787915511791735 -0.6821974018112971 -0.015625990451152205 0.0005125595530758231
1 -0.5216531107999649 1.4048638617456888 1.077366531845072 0.0010949707677909179
1 -1.1535894713978216 -0.3488089791445814 1.7827743611013536 0.0009525291239411574
1 -1.4668299579102675 0.07209494759898627 1.506595050052137 0.0006027010158706488
1 0.006636408138754213 0.02172836234974085 -1.4196089582876112 -0.02508752555602403
1 0.4747294994635358 0.40321617155835376 1.4713399530987643 0.0073698253017177775
1 0.8520969780803203 0.5796945538560894 1.5288659860968168 0.003353265380858289
1 -0.7743318060235047 -0.3253827537881482 0.377964701091523 0.0002983815822972737
1 -1.1281951703152517 1.1546364281007109 0.8428859050340951 0.000462176661075572
1 -0.1434298571474284 -1.3466924645867844 -0.9035076164505795 -0.003424742368176961
1 -0.5141029711865741 -1.1429311680255636 1.6150851976413523 0.0013671826644307814
1 0.4124179568550925 1.0978946543850596 1.1370803849687934 0.0035017179478516306
1 0.7638173795525112 -0.8151558655401623 -0.27603915558355085 -0.0023226310861933584
1 0.8820579775515851 -0.6994647070701694 -1.1678782644886172 0.005817104865017153
1 1.5127380298786242 -0.8378261399681293 1.2603115168435108 0.0003042285158767672
1 0.8221358115825059 0.8590173645297772 0.28594634778533257 0.0015003562475038013
1 1.575027906304975 -0.4917187667576872 1.161293931134456 0.0007772465890165843
1 -0.4047980121781949 0.9045857209465749 -0.8461462968362432 -0.017677442990235912
1 1.0891236209404855 -0.822099414318807 -0.1265399883467171 7.127579877707355e-05
1 0.7753649002345391 -1.6266562814917012 0.7837734336026876 0.00025044486540915867
1 0.6504200365146819 0.4935213466453443 0.003318611196903465 -0.001653270112690704
1 -1.4448219841655743 -0.7481282034084829 0.22828432242481167 -0.0007574647354096865
1 -1.639027238379194 0.10494866849858653 0.8468077436615644 0.00030327093439557525
1 0.012163828342194982 -0.6942049919883218 0.19212046429848106 -0.0010014008010446943
1 0.6314548021599227 -1.1132686410758608 0.02116934421941208 -0.0008597651226404483
1 1.05496984143812 0.0686855717661694 -0.07109355210147994 0.0012575481426044437
1 -0.8995838491693842 1.207776693529524 -0.07959764837178485 -0.0020999422958798185
1 0.21922974417997843 0.8449940395455875 0.5943126942269412 0.006440932596806652
1 -0.010594346742965666 0.03305568137937298 -1.4941122474394595 -0.020089284405269196
1 -0.061865823458084446 1.3755335541924771 -1.0681546450576465 -0.001981108162011443
1 -0.5851237089678483 1.1966543268453531 1.629269175980515 0.0009733623234786757
1 -0.11652550152019758 -1.072775959589998 -1.7337849525512592 -0.000751155166083259
1 0.31705572998819953 -1.056079956588122 1.3133341863299104 0.003560312608720827
1 0.9417761591449079 0.27269715291585017 -0.233139291363627 0.000339167770743002
1 0.8069910539949814 1.2946593012592054 0.22682290685063577 0.0002834401431299257
1 -1.2347840122324691 -0.5695339908745185 -1.3755025554015767 -0.002645293324758302
1 0.4509822792094522 1.1114440381696356 0.7517243604772763 0.003232989502663721
1 0.6373974197984436 0.8592972386202007 1.0638115162383177 0.004887115238161504
1 -1.2372866499815873 0.41010173533636385 -0.7040870903058336 -0.009260487931967225
1 -0.4723585111655715 0.7459680806399107 -0.284610535290895 -0.0179875989104126
1 0.15248106418561846 0.2838304665848179 -2.0521286426585195 -0.0011021391289143402
1 0.294583952671863 -1.2006363799331492 1.7954755421335453 0.0009704979665949871
1 0.9272803407230987 -0.5725647546173993 0.48693606565111613 0.003943269714914044
1 0.016873288658966867 -0.7987156105765445 -0.013233703248547002 -0.00769842021402214
1 0.6395214022363023 -0.3341803363429703 -0.6887827520888057 0.0021411282393383833
1 -1.5398123896527756 -0.3509070998953976 1.2112908933301916 0.0005489278672951034
1 -0.713510241651794 -1.3492828491080506 0.0340198645511367 -0.001423475417991922
1 0.7695624552835185 0.7900921842222517 -1.5610809490784625 0.0012630899849273656
1 0.6016166929859033 1.2205383151418228 1.6490817959932484 0.0009553386640699028
1 -0.4894976169458731 -0.18107091415002996 1.6160049715945743 0.0059083930530823975
1 -0.009814618765741745 -0.3490482029082651 -0.2363399966402593 -0.038573382672644145
1 -0.3169061151227517 0.84499360230914 -0.3824985766971185 -0.018072464729460412
1 -0.9624850274086392 0.7011731969148376 1.9837197568274312 0.0003718010760788062
1 -0.21337463398985657 -1.651217831518361 -0.15677497128156048 -0.00027522520985986693
1 -0.5576799779311672 0.3331596552082221 2.1470100839878383 0.0012661810100443784
1 -0.7804747082282839 0.41223481016566366 -0.488106444175854 -0.02730247075908942
1 -1.205704053454861 0.4418700767359587 1.6703282115504199 0.0009748183324458967
1 0.5740259469671707 -0.47075527114137117 -0.1523978969587616 -0.006208145643848388
1 0.39380423442259804 -0.9100375176366744 -1.3544743725127657 -0.002494945708426993
1 -0.4347907283340793 -0.005576947972599999 0.062506734077588 -0.013406175333720696
1 0.6849171948529365 0.8186530478493528 1.4880570000857296 0.003232199466131761
1 0.19839676763908543 1.4733914179914183 -0.2847004347781463 -0.0014735441246800764
1 -0.8187293883075402 1.3149041332838167 -0.27943541915945724 -0.0017789231786244208
1 -0.5252397026664837 -0.49496993142094103 0.679692452810841 0.009237654322563526
1 -0.2602805973684701 -1.049783347821175 0.9834551174678774 0.004127495375072663
1 -0.3827666581083067 0.8986322845470838 -0.1001752656963566 -0.009416108263173656
1 0.45703605392189584 0.6468116742919863 -1.6659558789992537 0.0006933297250736117
1 -0.05764567504827678 0.28297596923856805 1.9557759255561478 0.003559530279060117
1 -0.6566152422199651 -0.5761478644166931 -0.9335676247947251 -0.02753846737215125
1 -0.9708469001568034 0.5686854120328029 0.478441921824178 0.0002255953081349571
1 1.2258712059014183 -0.5190158256546145 0.32044572635202595 0.0018072131186671996
1 -1.2584968401332324 0.7332974777702361 -0.22953898699520492 -0.0037613754009868773
1 -0.6344614109793525 -1.608936599682821 0.38534363493973656 -8.926942520199503e-05
1 0.09383388728362174 -0.03925305964455017 -0.6037431135250029 -0.16070098422416393
1 1.1327384059469643 -0.13501767467853787 0.5954241542887422 0.004303702087536967
1 -0.9479173148748681 0.7122595133631915 0.9262773494425929 0.0026090959964990166
1 -0.925969197624696 1.432408399808184 0.7720381944020716 0.0002467689675541535
1 -0.04944071089423385 0.010286617940578502 -1.679871196710462 -0.011679039320436914
1 0.4385917346957364 0.7499528310303205 1.8391606893635912 0.0024126174308878247
1 -1.3067491199083232 0.6493479598455929 1.2104493501157765 0.0010311045862021486
1 -0.8899440856890664 1.4083455638627318 1.1469700144834807 0.0003822129393546732
1 0.027796552392610252 -0.20062546151218275 -0.7645522363582229 -0.16533528488277677
1 0.19805086971596175 -1.5507422358437548 1.1489611327195073 0.0009298241666164926
1 0.41630680405515275 0.02953667130666915 -2.1246038284231474 9.324347487665472e-05
1 -1.465556678522912 -0.7726335960110955 0.7243665506564527 0.00018688381548432383
2 0.9086344572672855 -1.949497089246211 1.5347823491558068 3.314160927271492e-05
2 -2.290862553037586 1.7557399990892226 -2.2294233298425556 -5.3734690186320176e-05
2 2.0797955222282085 1.120884467453406 0.41975376098485695 6.18698821017761e-05
2 2.5025162387103213 -0.8725017010889422 -2.3338867652163624 5.8309639538234674e-05
2 1.5437415861599937 2.522907439413633 0.8218588606493609 2.1430507405674795e-05
2 -1.8706738261910545 -0.9789995442897292 1.1359046439496328 -1.8945149909475013e-05
2 0.042758828217677625 -1.7062349621390145 2.4800020606285744 2.8629719882929113e-05
2 -1.726091651477681 -1.8566423742645155 0.533989390570099 -3.961399811830042e-05
2 2.3094668431649397 0.0656086711320305 0.8700993413966325 6.637840581596633e-05
2 -1.0386912141088762 -2.481513068382929 2.392314864198949 6.085993223221458e-06
2 -1.451065724348713 -2.5122046143906416 1.769819018452989 -2.8939288159481945e-06
2 -1.9855458458277262 -0.9071477221858772 0.991207083053689 -2.788072325291661e-05
2 0.9924231980993756 -1.9670570757112906 -2.3399555198203426 1.1295182866818511e-05
2 -0.7761071277864457 2.137657926486122 0.4221672961973235 -3.3024866713691594e-05
2 1.3699353067415725 1.3692818053905884 -0.3036951490415878 5.685781932979756e-05
2 0.3222913631363715 -0.8011145279188414 -2.43690818943435 -3.667185746209489e-06
2 0.5267052582936795 1.3536873285793831 -1.5057750654907294 -1.2168034211146986e-05
2 2.0218002145201965 2.499259694374364 -2.5386174170566576 1.6902582661889143e-05
2 -1.6021713352812779 2.5085307076819716 1.963597629284442 -2.1454329406448994e-06
2 0.1338124433333907 2.5340870817485173 2.2236603278668414 1.5395431545660627e-05
2 -2.376534963978968 -2.237665813950196 -2.2663368783753004 -4.1453172904844736e-05
2 -1.0494703351401402 0.6747735940657753 -1.8982604455689471 -0.00017763242094774728
2 -2.1475076713021117 -1.3344069360014845 -0.09530015158116845 -7.505063536944053e-05
2 -1.614065490556222 -2.0286370219756003 -1.987393364650794 -6.147041898587485e-05
2 0.8156862188130347 1.8307590769979378 -0.14864817024514432 1.663454732408668e-06
2 1.625385002254181 0.9451556869187692 1.9147131284032546 5.135712028191362e-05
2 1.9588808355926006 0.1895942909132704 -0.7517335664356786 0.00018891292684377817
2 -2.449947011457211 -1.5550265857125538 -2.199870262268673 -5.565364883687428e-05
2 1.5423775380400397 2.328326412916241 1.3487271668019178 2.5533096404029292e-05
2 2.4029752820446295 2.3693378160665355 1.7787930844053412 2.2809437796628266e-05
2 2.5287344512364585 0.775515565212197 -1.9598222407890433 7.289631438588575e-05
2 2.0142893383861176 -2.120234051197871 0.7990204319114542 3.090933264989275e-05
2 1.0757818318434804 1.2946967892392602 -0.24449874771311286 3.1983738258729725e-05
2 2.1634757043562494 -1.092497458624698 -0.9674847697147881 9.236153189231671e-05
2 -2.235531920838491 1.609154768494871 1.5174847087065833 -1.2660377572915795e-05
2 0.3250813173694187 -2.1754391644591067 -1.386666201029225 -3.0163779730148276e-05
2 1.2452694800489228 2.4528300691567195 2.188741645694035 2.127147261897142e-05
2 2.0089332548428938 -1.2027305741553513 1.3002394752148714 4.8718594605037344e-05
2 -0.5987858536630379 1.7359645911037886 2.389947032458021 2.0982316174809963e-05
2 1.9127743522469642 1.4941404069205926 -0.4600703682039433 6.157208952895196e-05
2 -2.4737501653253418 -1.210508025125848 -0.31468788325471664 -7.185416473105744e-05
2 -0.645308687719784 -1.7994633474461723 -2.2903761929047324 -5.9771395190960266e-05
2 2.111357280625112 -0.4042467068956488 -0.626891670315098 0.00014065876532463813
2 1.1733118209506843 -1.675852002572935 -1.225848173923632 3.755220651755522e-05
2 -2.1561728882301083 1.9507827645785638 2.3558227346471985 -1.6522667130862628e-06
2 -1.557536382821787 -2.2700024179816376 -2.292649865948013 -4.732232796283776e-05
2 -2.1410442946304182 -1.6662991572545003 0.10115407134851662 -5.6312015946267594e-05
2 2.481207735605984 -2.2642396863147836 0.19924683164188606 2.9544890588351055e-05
2 -2.257134885574137 -1.9384066297392089 1.194161602101258 -1.8719905942467672e-05
2 1.50307844181286 0.5466109992950239 -1.8797049490036493 0.00018555643804279547
2 -0.836320067100687 -2.271565809159323 -0.43207701771328466 -6.284965649922787e-05
2 -1.9755804106289911 0.4403725961120104 0.40512034973858224 -7.474959942545755e-05
2 2.414930819020934 1.261205453243607 -2.2604082095644613 5.0975043805132094e-05
2 1.5017623697977238 -2.520962272514188 0.620159525963897 2.0505715486643414e-05
2 2.1786000724555312 2.489241065121752 2.408498188453343 1.9440169117664727e-05
2 -1.512856917869745 0.08622698298279374 -1.885028479991806 -0.00016435083587380052
2 -1.709787285122698 0.42970959638886175 -0.881216912235711 -0.00020693432101978376
2 1.1476402612386236 -0.9963403877543537 -1.9123940393584342 0.00010772770249295582
2 0.8121274076937364 2.017438518621931 2.4132609213104366 2.6443769681239246e-05
2 -1.8684583651257358 2.3172104084950935 -1.0296998812736073 -5.6668403160325105e-05
2 -1.8515353003696358 -2.0822549999998494 0.03198448488330108 -5.0462749171897444e-05
2 1.4238302508881109 2.316781980549338 1.0703692043743902 2.5146007967701043e-05
2 1.9933534727313993 -1.0599892025228974 0.21525003364014728 6.990112465287193e-05
2 -1.5236173043773982 1.4116122544762777 -2.282334626988475 -7.807422570791523e-05
2 -1.7020974682485739 -0.549315709737084 1.5138415742407294 4.226707164219714e-06
2 -1.5034617716965433 1.2555345021305655 -1.1920037990240528 -0.00014467355544639792
2 2.5269910051582287 1.556168296476741 1.5246849253544377 3.396669539956251e-05
2 -1.3568118335153383 -1.8560402342282436 -1.1300639589351433 -9.516836298988773e-05
2 -2.3640500806075972 2.4595934727562425 0.9230366533528862 -2.0353316247576923e-05
2 0.21468988741074746 -2.2050365659617985 -1.8272738656760292 -2.800022941222968e-05
2 -1.7758666776065706 -0.820092846848018 0.9736751126645853 -2.5008460720308206e-05
2 2.3713208961725702 1.5772921302936882 -0.4707968354872589 5.309546897438415e-05
2 1.7942657444168453 2.419035744142906 -2.4589418329403534 1.6968238883332194e-05
2 1.6975613071425797 0.8428724357654418 1.4151269139873874 6.182389757366057e-05
2 2.2883899611713665 2.3070442931057085 -2.5144897416947383 2.1390047949765737e-05
2 1.8481567750418457 -1.2489537947584568 0.5565453283904778 5.805950357085405e-05
2 1.194058942747545 0.9407240764712013 -1.4986282933685302 0.0001664615616023305
2 2.500052898195713 -0.26744059685715804 0.9465901788601472 5.8350445947169595e-05
2 -1.9795560515542823 -0.6708219292385404 0.08635096043290069 -9.888681936514782e-05
2 0.8212193721430352 -0.8676509072528873 -1.8361824255228931 0.00011325217863455098
2 -0.7898742380994506 1.4099651892374632 1.9651636502413727 2.6834337232215434e-05
2 -0.36210447449158956 2.2227790629412634 0.14042396274913083 -3.6323649519708117e-05
2 -1.7711887114843394 -2.291865437297269 1.6714231878606234 -6.5097520386908526e-06
2 -0.5389576252284112 1.553779225816759 2.3694182325127833 2.586566854188032e-05
2 -1.9409521021144327 2.0988424828563486 -0.009635707005647642 -4.978256726294168e-05
2 1.772169407459042 1.8487709966576893 -0.5279410142225007 4.2386133052160026e-05
2 1.5288923874061848 0.9659172563865104 0.017991851592862762 6.672333641176442e-05
2 -2.0688345561173067 -0.45611309869580596 1.0311869520543877 -2.7246418544384375e-05
2 -1.5027698839238013 -1.0064606274193988 1.6685235036675228 9.629145245898173e-06
2 -0.3766937305402296 -0.9324453192259285 2.517820277581342 4.080841417904089e-05
2 2.3604998191346893 1.8317731346879031 2.298059001576902 2.582748215504127e-05
2 2.3109283893289123 0.9894652935439296 -2.5247282016769317 5.3047233974901827e-05
2 2.516862245321757 -2.4477276074875296 2.1164992185622435 2.031734886204256e-05
2 1.071165233476842 2.427019134983095 2.200993628007726 2.133091095266398e-05
2 0.6017009149834394 1.6360703006527353 -1.1682523025867628 -1.9719460369797946e-05
2 -1.289851344233075 1.7837331581567724 1.5235166491049896 5.047431272141874e-07
2 -1.439659464859879 1.784142077845328 -1.9878709569404474 -7.464264576137961e-05
2 -1.7853488049638346 -0.7765764990427875 -1.3646343005144164 -0.0001502746038529623
2 1.3711749005581044 1.969642697428584 -1.7644602409778625 2.801633226500055e-05
2 1.623949583417422 -2.0737620004534665 0.38542785422895465 3.0470642994653125e-05
2 2.4454666964011875 0.9265884681871506 1.8723598756906612 3.895041264458923e-05
2 -1.758702891904755 -0.5581263647663439 1.1017157460752554 -1.2921849607595225e-05
2 2.211738135385531 0.8389223753403763 2.5262464687575528 3.381379296997952e-05
2 -2.4752421612893123 -0.9629701988887756 -1.1539186370962904 -8.793523767456883e-05
2 -0.6402158311224562 -1.693893201895614 2.4717935579931214 2.0703490155419912e-05
2 -1.9654704841665098 -0.4132204336189642 -1.5394714463672077 -0.0001376969307554825
2 0.15934055658054502 -1.3782908285076556 2.4767616748251418 3.74494070014912e-05
2 1.3786202792244313 0.10665507038146194 -2.1133157776453757 0.00018831999272097863
2 -1.1863572251758194 -0.6380614777651137 2.4361396698459257 2.6382132802347833e-05
2 1.2125950784204318 -1.7780797507301949 -0.8117958325836694 2.944661553592651e-05
2 0.9994758844974583 1.000886203732564 -2.364528135353035 5.7594657717710466e-05
2 -1.815968490989715 0.2642954068527672 -2.1356843357653967 -0.0001132190664204069
2 -1.8568685917818508 0.10207236868688119 -0.10690662782238558 -0.0001441820767391789
2 -1.1440379730536239 -0.04457808217129555 -2.491873545045852 -0.00011063760838346531
2 2.3380743279726297 0.10107919990973935 -0.2735717148672432 0.00010593612078655025
2 2.2150664499518338 -1.8491835756633679 -0.18968302325779485 4.213731193445382e-05
2 -1.960810065133787 0.8083498420517996 0.5601843204549719 -5.6323906906613835e-05
2 0.8612601293057018 2.381472230230299 1.742383741717608 2.2288378587955423e-05
2 1.925037700759796 1.143343425307036 -2.2657676487188145 6.492498377180477e-05
2 -0.7598396240416307 -1.9328702624641352 0.6241649044942279 -2.4591893372611127e-05
2 1.262235013961245 -0.22209546671073577 -2.374687028973282 0.00012452998428161022
2 0.9985378700497307 0.27723630095687213 2.4078359392123896 5.904543272444206e-05
2 -0.4574223827002184 -2.211048475808084 1.6305412821650802 1.1374181589643065e-05
2 -0.039369777047044696 1.6067384395095154 2.1451143474975782 3.458549414046607e-05
2 -2.054665863213688 0.6175253995418242 2.348550760721713 4.691929679635885e-06
2 1.979255589724636 1.1884561894557835 -2.1321566165740355 6.727666505928597e-05
2 -1.6579088650672538 -2.040079174595677 -0.1446128624286782 -6.059881619503915e-05
2 1.5071521174580114 1.1091352907682865 -1.5956998723828673 0.00011456175221533835
2 -1.8766979676886446 1.245868462454236 -0.2883152137780898 -0.00010275890284938737
2 1.2481435875687592 0.6804060568748853 2.423360545738482 4.9723331155169e-05
2 1.0155612366166769 2.49082078201724 -1.4201402569719557 3.480444928913576e-06
2 1.7496558296761004 0.40489105799302116 -2.1063943653505994 0.00013466988750478849
2 -2.137997928083754 -1.3704874443381085 -1.3055098630076813 -8.971861443960976e-05
2 -0.935079176161582 1.6162044466942063 -2.140409595415747 -8.022199218817239e-05
2 -2.459464054952605 -1.1223574728463463 2.0618085457000466 -5.4175014666853465e-06
2 2.0740080180155327 -1.07817042500771 -0.9021884996648173 9.762772734090206e-05
2 2.32469689448383 2.3539593525174562 -1.9510035424185612 2.5218430192118204e-05
2 -1.8967283279135974 -0.017425245634171915 -1.541613688491642 -0.00015200204977707765
2 -2.0262661742444976 0.6902739173360151 1.875360237238478 8.140029925783058e-08
2 -0.6121207709563199 -1.6192002011823012 1.4134095331422136 4.0630018596352264e-05
2 1.285149961665554 -0.5778923885201848 -2.0236145905472993 0.00016755118961969887
2 1.9533395418606578 -0.48927851705613223 -0.46265049598934205 0.00014118058270751372
2 1.7580665827327882 0.6544337198627699 0.8700218255469934 3.828861257883479e-05
2 -1.4234575825668985 -1.2439388721093527 -2.260545911155921 -8.842386968540644e-05
2 -0.06360003678634296 1.880538741135735 -0.6408326787180418 -8.215537304731705e-05
2 0.5674532856978365 -2.1372177062618882 0.33081017761925136 2.7332424283313293e-06
2 -2.0545904380520748 1.0986045941743443 -1.8454091619387514 -9.157297443221693e-05
2 -2.2624600395142416 -1.3043299296541386 -0.48135713378715606 -8.283282228402236e-05
2 0.8890025102419457 0.5934972036008275 2.383673450975228 5.818281362413663e-05
2 0.27813853979622793 2.160497744051527 -1.0613107231993126 -3.760179925457349e-05
2 0.22395060575113357 2.2145980123925395 1.3386870224918122 1.820104439106408e-05
2 1.0549837094808052 -1.0898115930658498 -1.0216863096477637 0.00010348541487469854
2 1.581796575046193 -2.4307445934110965 -0.5225910028362017 2.0165008447396883e-05
2 0.3023476984913658 1.8859546530068108 -0.30997630115411434 -4.29947792892924e-05
2 -1.0873764661074556 1.8136712736123193 0.8079959002791748 -2.1458839061480076e-05
2 -0.9520822122955765 1.2758444498170003 -1.276382638621739 -0.00018487199921954952
2 1.7937822788349869 2.167138387998468 -0.07357095984892048 2.9867943408893527e-05
2 -0.33937816744693183 -2.1147772812722403 -1.3733085511522563 -6.666128096852644e-05
2 -0.02715661853192497 2.252501033543957 -1.2939512243382698 -4.714527932833395e-05
2 -0.2580865182868344 1.8414278641227537 -0.6399159427565009 -9.869009384964943e-05
2 -1.6213317773722649 -0.9252843240366788 2.05056947849982 1.0956349267102512e-05
2 0.9429776699975787 2.023890414735137 2.345502082067292 2.7005458766071633e-05
2 -0.053921645552203135 -2.43292807116274 0.016382896137010494 -2.5816305614951777e-05
2 0.9574023024473548 2.4253109222289653 -0.8168845883774154 1.4825613107154426e-06
2 -2.4017519983241584 1.5159354657528206 2.216812100815504 -3.903315041846641e-06
2 0.7506448452066561 2.0442564515132333 1.8009902353550076 2.939116508119321e-05
2 1.0917082844016766 -2.0963809654869867 1.274541000051007 2.9200073550400374e-05
2 0.9363425651393658 2.254075771783801 1.7977410692309586 2.5113155107937875e-05
2 -2.2253000840394357 1.298639187924599 0.40454020238053223 -5.182904821526589e-05
2 -0.06385786599771492 -1.837516042733387 1.2268839594129655 2.3780009036685255e-05
2 -1.6463776006299284 -1.6685784652618534 1.998769171207074 2.393351375337333e-06
2 1.898376211903742 -0.8512527337054456 1.3804309420360381 5.769688117773197e-05
2 -2.3396909564589956 -1.9828201881021434 -1.898172909322363 -5.2475225221691653e-05
2 1.8188912399443002 -1.547948481263943 1.1913446987079594 4.345500251037743e-05
2 -0.3638411367919465 0.08228274470441388 -2.520866860656267 -8.484030336943348e-05
2 -1.5202216864657023 2.2280393089051036 1.1719331707914389 -1.3538435809162184e-05
2 2.4662498000207003 -1.0452696680809996 -1.4737651315544893 7.678979819051428e-05
2 -2.2713064653325516 1.675660130767168 -1.0030013987408988 -7.221550605160997e-05
2 2.403488592090198 -0.46858909874824173 -0.7807041239401444 0.00011045963718256644
2 2.2619087073108095 0.545397891760719 -1.2742263189360734 0.00012526271435088393
2 -0.54718859535495 -2.2753370619515443 -0.8386381284965649 -6.547038646108623e-05
2 -1.4631983041123624 1.1224719200591942 0.9808878273518542 -1.172449493752257e-05
2 -1.6844472641058803 -1.5848256605101492 0.6843976373249943 -3.734453792412494e-05
2 0.4730010076329423 -2.0591098764582774 -2.0915453206008876 -1.288620785750596e-05
2 -0.5858892596855909 -1.4576968754756188 -1.5554069023804802 -0.00013389164931646442
2 -2.525444679428296 -0.3041000743896527 0.8717595071338913 -3.655116458666862e-05
2 -1.5615902567939672 -2.300156733475466 -2.036992820911416 -5.112734808472996e-05
2 -1.1707105240105284 -1.773213556014512 1.6458482367069265 5.602093284041931e-06
2 -2.4061400506512145 1.6033797220581376 -1.7913368658070195 -6.287062550070772e-05
2 0.7610528247048194 1.255091526165288 -1.0203803296158087 2.8630446102340264e-05
2 1.9154093626775226 1.7080909909785507 0.7516397892633142 4.110707015235292e-05
2 -1.591961451348666 -2.5376918463245097 0.808305265518861 -2.064412046277702e-05
2 2.4474977572612127 1.1357216856625247 0.45014404728163804 5.4402459804841905e-05
2 0.7242927220278537 2.1714205391187886 1.8194310883846678 2.607781516937998e-05
2 -1.516616543430786 2.1431174238565345 2.036743635007682 1.1089210307264645e-06
2 1.1916780547394006 -1.4170949020785413 -0.08348927173115017 4.241176735191277e-05
2 2.4771409727875473 -0.08803554515465395 0.5209987913649599 6.936141741641085e-05
2 0.4863693452025033 -2.490591748846976 1.731451149532401 1.790877584143625e-05
2 2.2174451180737047 -1.4165845415455964 -0.4938995201676497 6.306553642328904e-05
2 -1.4007050796274365 -1.945073458182307 -1.8105203711249669 -7.261949289901651e-05
2 2.3835229842338284 0.03753889664143806 -1.874833120201469 0.00010349013933805733
2 2.1688007429215648 0.23658334322182606 -0.3436893309033775 0.00012259693501063816
2 1.8763509705817802 0.6374217943490907 -1.7407677532433947 0.00014346161653567367
2 1.118439645778483 1.1577383232657779 2.359724765699394 4.4143482001170626e-05
2 1.7934193057864456 -2.36057996601303 -1.3263054114706259 2.481759756277046e-05
2 1.4406353252937723 0.08809732742839937 -2.4392269358422576 0.00011337618322205749
2 -2.3409905036096257 -1.0008961645041918 -1.6963945035710672 -8.518775018532439e-05
2 1.3907742561597 -1.5455555462906818 2.085765381754315 3.8183195374014124e-05
2 0.671939725142932 -2.4864315527000542 -1.64924133027626 -7.878750989138858e-06
2 -1.9521695890331645 1.7831019413346287 -1.0282991129309047 -7.94318729293822e-05
2 1.7330379052438833 -1.8394225813813945 -0.3400979979260623 4.09605479372141e-05
2 0.5869613623224055 0.6395383969347854 -2.245115061814269 5.533821190020388e-05
2 -1.5102944249623227 -2.270912174773013 -1.4779818048840516 -6.154735397272782e-05
2 1.0903319847922988 1.2339259277459855 -0.8514720966731841 7.028201464088653e-05
2 -1.3315913791012526 -1.562682621623665 -1.3697144857925514 -0.00011704395495233036
2 -0.3438903178584227 1.8482869529883827 1.1030076422282127 1.3833979181218233e-05
2 -0.7985035958696656 2.4343034410844218 1.0613408487560463 -7.407180100115544e-06
2 1.4047861140091698 1.7855159871913653 5.410730862710821 9.266111321226104e-06
2 4.67578071494955 1.619952313755574 5.301994962412028 7.456793593878849e-06
2 -2.896537688461326 -0.3057408607835894 -1.7587378901564206 -6.880616966169836e-05
2 1.4306065212510184 4.2630214533154565 -6.170976308700936 -5.289567617055273e-07
2 -5.665286863339216 1.9983258396476753 5.6271994403850645 -1.294405622389002e-06
2 5.07150889009718 -4.071837277450878 4.64900941640796 5.416063881720062e-06
2 -1.6364028745152837 4.213006975969304 0.4152884680575788 -1.0849360559379175e-05
2 0.9648345560327227 2.6726977443049122 -1.5038634794876398 5.70590608594137e-07
2 -0.9849940449973111 -4.595184344264723 -3.9526545834205518 -7.819315527362954e-06
2 2.7821794115121534 -5.084235585515688 -3.1087213308094124 3.2096071702353855e-06
2 -0.8158938974856413 -0.689095067148533 -5.589274863322985 -1.0013334355384885e-05
2 -4.3894334051475825 3.5510065300612883 0.9907871881775581 -1.0152908118233274e-05
2 -5.3141641069629255 2.051232576238407 2.6773554155721335 -6.106134365752581e-06
2 4.629015466400997 -6.200674880118147 2.8501387047723306 3.979062316048431e-06
2 2.827325428872692 4.811727116099691 0.5172624337606164 6.936136780117355e-06
2 -3.0821976403736167 -6.52373830318164 0.15184858851383876 -4.586092890670531e-06
2 0.8320238457924329 -2.052285183896795 -5.86498550814959 -1.5693247352884903e-06
2 4.266401240675714 -3.9789677828765115 -2.4201280769287923 8.335819895289383e-06
2 5.6574392326395575 0.9675018382084719 -2.3920510380421076 1.3993759803072557e-05
2 -4.723604745092588 -1.7291295172668377 0.2603578909852988 -1.8239074806106638e-05
2 -3.7456771901572092 2.6544511649984646 1.9654782301810396 -8.95540459241377e-06
2 -5.540959505415119 -2.1681265533825798 4.88777515963069 -1.9339726720904644e-06
2 -2.5848457473508075 -2.658879709581919 -4.41140945367931 -1.59920928464576e-05
2 1.0912468932486235 -5.10161813919872 -3.226407331460474 -1.1583777686715597e-06
2 -1.2523041825585413 5.368330092573569 5.3859677974367965 1.4122208002409399e-06
2 -4.645858529834465 -0.9584939132085362 1.550231594284389 -1.3029962554730165e-05
2 -2.882160933735083 -5.012079934853632 -0.7296697441407956 -1.0193305944332567e-05
2 1.3591181356805953 2.0425560725809024 -2.351683403472573 1.954753697727514e-05
2 -5.411468672281758 5.000339761999978 -3.5532942632465074 -6.845493543970818e-06
2 -4.139475430176365 -2.2473184826650607 0.7334241486106619 -1.6998694216110926e-05
2 -0.4223068560949237 -2.959431234097591 -2.4693449418201787 -2.252857803550319e-05
2 4.164328257506716 -2.4263619328967643 -5.864922517258607 4.495556188511278e-06
2 -0.21152416408637098 -3.8358687553897037 -2.394562542323473 -1.1933975094200793e-05
2 0.6180160321551567 -4.191499552241066 -3.05536851464329 -3.7598644332235e-06
2 0.44455708385502124 0.7394096567483164 5.351449195690195 1.0315384560810246e-05
2 3.0299496807296187 2.643428354958264 1.6508977711182382 1.8917886262290073e-05
2 1.971690580006067 -1.1498727380076001 -1.1908685357024078 9.810230116020661e-05
2 1.680923077609192 1.2031334622721275 0.3770495313145119 6.310557325009565e-05
2 1.6966296928483118 1.8406438631487827 -4.821761175290028 4.467553377160435e-06
2 3.6554373585869975 4.640428877778051 -3.4057437930567773 4.836550516968104e-06
2 -2.5012939871137903 -6.404645302857676 0.4094248082215364 -4.310570625384488e-06
2 1.8301213989821843 5.141555823892261 5.652784374860019 3.6374686584602548e-06
2 -1.2965402377642414 -5.99263838527416 3.721110600058264 3.89010638546528e-07
2 4.341808821497425 4.333508161443522 -5.302110975044001 3.269177964080065e-06
2 -2.6927123067153547 1.2053087531616358 0.2992254720017655 -4.7343370798165905e-05
2 3.293665358671131 0.6266204137998708 -3.3185816579909333 2.5966008598616897e-05
2 1.62123201056394 -1.158063639152454 -3.572791648185046 1.9630902439326473e-05
2 3.1400078527989574 -4.777941326115435 2.0031320515047053 7.180102521779203e-06
2 0.4185027265207797 2.9814661317594613 2.650120664856413 1.192044510711521e-05
2 -3.697016577459023 6.038776676721621 3.3853335856432754 -1.802839887473131e-06
2 -3.7886295527553497 -1.0433055225082475 -3.3214032113120324 -2.6553588318869873e-05
2 5.677183556144872 0.8952384297693117 4.930362403177018 7.228904457614893e-06
2 3.7380469502312703 -0.3077256072801271 -1.8058741135269951 3.988085437362643e-05
2 1.7553789397882262 -2.5988292689946264 6.307573240169409 5.924704729714735e-06
2 0.37460887724272585 2.091140217054596 1.648530114916877 2.5732091093080755e-05
2 -0.5895899728375698 2.3213785501935984 5.347173460102859 6.037665827529598e-06
2 -1.8917854463846027 2.4575171144983887 2.52616383998768 -2.181329286713186e-08
2 -5.756385073943949 5.704293436371081 2.375357516018358 -3.2254432157483094e-06
2 -5.642405290583222 -1.7080707781842168 -2.9821799780923546 -1.4060803266357294e-05
2 4.218380962888727 4.351221986622052 -4.608628490402264 4.049645218242536e-06
2 -5.9263030163973545 -5.0730537337203065 2.900778858238743 -3.144343579418582e-06
2 -4.510600503768606 -0.03309331219907641 2.4418057017615293 -8.455695857881888e-06
2 2.6717005605541324 1.3503069284039002 -4.157882502187327 1.414690496604957e-05
2 2.761269557404159 6.159144691728807 -2.6652420821981093 1.990968112282376e-06
2 -4.571725754332494 -3.2445777912658778 -3.0595138570584033 -1.3875776721804963e-05
2 -0.27970767168472666 -5.5523929821498985 1.672888494492124 -1.9726239425252356e-07
2 1.9460833387174716 -5.137121925066015 -3.464358479583616 1.1415120714134775e-06
2 -0.09639781351119758 -0.9731266865014021 6.441981253013747 5.9205233566346444e-06
2 5.2251519169057 -4.364726109192509 4.223945726503715 5.353539876405676e-06
2 5.023926041991759 5.933025151352522 -0.15211601109119144 4.6003050121028745e-06
2 2.530689736768103 4.504289828769384 -3.3290057162194366 3.6656979211013774e-06
2 -2.913583409534592 -3.5075860570161153 3.5359893875751585 -1.395474771072122e-06
2 -2.729514468363989 2.187354688657562 5.604047366670201 1.6840503188302779e-06
2 -5.3093995820719275 4.91623698218363 5.261406629680316 -1.1733167783514076e-06
2 -5.3813521269648925 1.830661068136008 -1.076276691328232 -1.6801873149977875e-05
2 2.878325538184308 2.94848835732631 -4.390216700628764 6.534017397749653e-06
2 -5.816370843925642 0.138857734597452 -0.2613312591602721 -1.5369498830501555e-05
2 -5.145994352403049 -0.0339270182628848 1.8570163963169453 -1.0492426666628302e-05
2 5.051270008603273 -4.29631373722085 0.5160859056119822 8.220275470394108e-06
2 -2.661472744970167 1.2389196128868178 -4.640465508000785 -1.963100915735079e-05
2 4.4847621013379495 4.163892624780155 -1.292352332573369 8.837708782550652e-06
2 -5.295961919040637 -2.976742534509234 0.044445310757329715 -1.2012492075433477e-05
2 5.285078105994328 2.650954574019238 5.404243654574845 5.83208864843363e-06
2 -4.1670750757179675 3.4660422805392557 -2.1702566746417524 -1.598513146636521e-05
2 -5.152130654387579 -4.072593230219947 4.714585569392092 -1.679887335811865e-06
2 0.5572073181035941 -4.359146177200943 -5.228219728258413 -2.471683096177747e-06
2 5.201746204760596 3.921118755899858 -5.077499776682893 4.0659328166482715e-06
2 -2.994881063847131 -2.4787341141513703 4.521903786399516 4.890324359592899e-07
2 -1.575438457111674 -3.5621458536378094 -5.6532467814999015 -7.374702974608908e-06
2 -0.9296212101927033 -4.318327532216999 -1.5206567768008847 -1.343415621703153e-05
2 2.4325014257298943 3.223982928678213 5.745931530506754 6.171596191023621e-06
2 -5.449442835193834 3.9203953560526426 4.944882314129837 -1.597875759214979e-06
2 5.776309480244835 4.9382974686923635 -4.069666932893751 3.7980470391618226e-06
2 -1.9861148749185409 -2.4573068704404903 -6.179017348441324 -8.18249680999803e-06
2 2.2768654761224045 6.405722838621108 0.7587130657239705 2.7694993526085242e-06
2 -3.588987006978567 5.902719034256762 0.5977666899089833 -5.369211130064183e-06
2 4.182054258771682 5.64143457351401 -3.894893040529481 2.987478247097773e-06
2 4.251729029552896 0.7048647464998723 -3.1219955083155675 2.0095988137436055e-05
2 -1.5932060810413606 6.01665063332411 -6.242778794992275 -3.2563897619752075e-06
2 5.826363107159844 -1.1084993394760252 -0.2859378773375223 1.5148482919856093e-05
2 -0.8548388011232744 -3.8759316951835925 -6.312089930266922 -4.573302485390713e-06
2 -5.209289879786795 3.0722865557994865 -4.481356411367677 -9.630862576269949e-06
2 4.1389861322406 -1.4348346836568604 -4.9766935176834615 8.304197025751802e-06
2 5.749962602691884 5.289799719038324 -4.212484739248277 3.3220379599394505e-06
2 -5.123409557934569 4.898862465331316 0.4418225891924319 -6.814428049081564e-06
2 6.140653559906026 -4.838535320361929 4.370890538652954 4.19600371282874e-06
2 3.7936910420428003 -3.4449614473910333 -0.6017665174444824 1.3752485370492846e-05
2 -3.114241335227183 6.158574281142052 4.608122232200458 -5.279491905314888e-07
2 4.145953209026372 2.96765126945345 -5.51908535128316 4.543293860120526e-06
2 2.376378811594421 -3.6765414610768183 -0.19047677920601735 1.1464342763210895e-05
2 0.024876185741611323 3.478624375976592 1.1617094477494527 9.302135412205308e-07
2 -3.919333680483328 -5.296236609615444 -4.021911959424672 -7.104566857154336e-06
2 -2.54479827209256 -0.06866083764934228 -4.821570091450727 -1.9889314467344822e-05
2 1.5741923253730175 6.102312049976193 -2.0395019566500334 3.667234646220638e-07
2 -3.7693537064849485 3.286971857705341 6.431871474623772 2.7736729144405445e-07
2 -0.038479443320525775 4.6577059338815445 -2.7220982044278115 -6.433803755924599e-06
2 0.2735864440961331 3.43989163025779 -0.5492096636982424 -9.79458516807449e-06
2 -2.0796153383574003 -4.454151994541826 -0.24671796184033656 -1.2517731229272964e-05
2 0.6370563675023124 1.0114807818671174 5.691491115697833 8.865783825137494e-06
2 5.244236581292304 0.7814785721504327 -3.1474117889415325 1.3961965391605809e-05
2 4.205729842986857 -0.10693472462743081 3.390767617743469 1.5334018322124538e-05
2 6.105614167302818 -6.389803348002765 4.9533325697695165 2.7644675570536154e-06
2 1.9554945189205455 3.5550985083740834 -5.8552436081267505 8.493223172503415e-07
2 -4.475072608594487 6.373821959350108 6.452467325069961 -3.1863649831897996e-07
2 -6.256475464433469 -5.732670074621481 -2.367084702389408 -5.2823928003159905e-06
2 0.14646270126458205 -4.728619361376668 -4.602751272241117 -3.6893621674313857e-06
2 6.273506936181166 2.4946056333391446 5.45669523133113 5.0347082761070686e-06
2 1.3822129200496533 3.174641498275493 -1.784746264618576 5.133287904991058e-06
2 -2.0272448215809655 2.8466368519130487 -2.2096046394153763 -3.301158235799368e-05
2 5.008371650010698 -0.9343617474492412 -2.486580679900108 1.7572273833227595e-05
2 4.288616452100408 5.795765825688653 -6.26152692203549 1.4302176954173378e-06
2 -0.8324465148847953 -1.4409219937285274 -1.1251462900786553 -0.00016996959872800363
2 3.5541706908958233 -0.24630151704978154 2.030365496299959 2.7396458748358237e-05
2 2.46307281052915 2.3846006762077003 2.562766689742501 1.9002944854789202e-05
2 -2.957437263232264 -4.653031106020327 4.340259942190977 -5.185011555454607e-07
2 3.7768335945670106 -2.263736050834477 -4.789969771215673 7.611132038564144e-06
2 5.604159668258152 -5.603298428125585 -3.2082136790875184 3.6760042118494794e-06
2 2.837909234774539 -1.9318219641623822 -4.862427179055397 7.571317029144869e-06
2 -2.329420062434968 4.114030820739556 0.7963991697338377 -1.0397015948546285e-05
2 -3.392448425674769 2.948973367125573 0.43091775565476187 -1.843371356188947e-05
2 -5.577544756243869 2.252553561603083 3.458746998074851 -4.076279514756764e-06
2 3.582349286665657 -3.3169859783164464 -2.7844604554389747 1.079529851540447e-05
2 0.8560846988089086 1.1477670015491688 -3.1113473265909057 1.414475966038559e-05
2 0.2431925879400776 -2.3491663325481413 2.0793109264206873 1.913619731119276e-05
2 -1.122004156988008 5.124664020656546 4.123808701720039 1.3691681181355083e-06
2 -4.271274031583463 -6.182229652156724 2.9186100305422205 -2.368473927113234e-06
2 -5.121696672301146 -4.734821549150309 -3.890819514020104 -7.378114713985816e-06
2 -2.406941579714295 -1.5169311953460634 -5.493061269120572 -1.2993851745632287e-05
2 4.079471862924741 6.496189024593523 -5.246486865149368 1.4495767105978016e-06
2 5.792707904473522 -5.816665705898893 1.7364273269410493 4.427265098619828e-06
2 -4.145877347205243 -3.968825987792199 4.509184350206562 -1.3844321380492399e-06
2 -0.9672559711489059 0.9258846656379784 -4.049638648688656 -2.5500316317303158e-05
2 -5.28405830485368 -2.004810122035848 5.376330569045923 -1.3295546901207519e-06
2 -6.021033041977857 1.2155783725519198 -4.844568292917305 -9.463275618656483e-06
2 -4.215840551111991 -4.242868851716317 -3.8940090088764894 -9.697549508662547e-06
2 1.4452270826527904 3.4859773492413044 -4.319449055100371 8.40329101888776e-07
2 -6.199368435985784 1.3629004701711018 -5.238898663840036 -8.246907077183538e-06
2 6.431522589000831 5.450301843699037 2.223865125384739 4.3991909679725456e-06
2 -1.7623500292063516 -3.2311984917028647 0.8876986356946555 -1.4081141563356838e-05
2 5.446995684784637 2.1856716383582153 -5.3405793609914785 5.43807169083119e-06
2 -2.8873497611627887 -3.2333722660546327 0.09279469090323023 -2.0351700575607796e-05
2 3.977828011131068 -4.789480107411478 -0.03983733131920175 7.4786447486317985e-06
2 -2.9701439007645067 -6.468068638815822 6.3888058264078555 1.8315023924932202e-07
2 1.615078229933232 3.3509070834995516 -6.527519784225983 -8.678203636919446e-08
2 2.6623317512036557 -6.257707831416662 4.7618187355818975 3.1209599571358062e-06
2 3.4778540514757434 3.777369875137868 5.488075070214716 5.607528276078742e-06
2 3.0094622144710375 3.4589776824244964 5.708730114747441 5.836257205806697e-06
2 6.041830184414609 -0.7064652193224479 -0.06787143547254448 1.443580387473412e-05
2 -0.804434945527917 5.4739180759504755 1.5003166390592018 -1.6633945516882268e-06
2 2.512405978720917 -2.8284279487487125 0.848497261890496 1.9874009159019832e-05
2 3.7459476999484664 0.157824899131926 4.78470132434329 1.1111044957390105e-05
2 -4.2152961142514425 4.151712124129869 -5.493945533210858 -7.0308567121691165e-06
2 1.4575986355046 2.173085774741317 2.8427854149088745 2.1179157040899705e-05
2 6.471741646094737 4.96590449450567 3.573336155680906 4.324985008917923e-06
2 2.042671294248562 3.0292562527468743 -1.4953679566127906 1.416870027480533e-05
2 0.7873520517033752 -0.19911586810970583 -3.514664478034203 1.2325447502734787e-05
2 2.4883290038139894 3.0386214589567277 0.2564753299936422 1.7917698080435395e-05
2 2.128781648352195 -5.112663712526485 -6.455401372439557 1.51921148977501e-07
2 -0.2875837262340042 3.22412849402526 -3.9603514662424226 -9.846397482474428e-06
2 0.7537251762994019 2.1988029212081504 -5.955868538149343 -1.8798504289788026e-06
2 -0.6068639838810554 2.4194021249877675 -2.8743582461167505 -2.8003107526665282e-05
2 2.5644738386498602 5.7580232092137 -0.684824994473427 3.424066067761922e-06
2 0.5611238574557902 -1.3254946680872877 6.198716985731096 6.930194066106042e-06
2 2.5193456999546733 -3.532402310716245 -2.6639476520476038 8.64452606490722e-06
2 -2.8446382623096005 -2.0893699259156326 2.4018182182637204 -5.435358351381341e-06
2 3.9808210279872487 2.5856639428730954 6.157754984019121 5.734446907471473e-06
2 -0.5617799309622082 -0.24592599996804498 2.9437189436153623 3.392205058986165e-05
2 2.7542764344818718 0.2739098127732822 0.9592200331570035 5.174030158390779e-05
2 -5.691838758106545 1.674529893130547 5.363216208911588 -1.5474723182859452e-06
2 4.267463964293693 4.115797707440395 -1.2291562824452376 9.26228583416462e-06
2 3.4379025263587035 6.22771816562541 5.430419946229236 2.986672394424978e-06
2 6.137904742678302 2.350491660446984 -6.376244318234118 3.4767624179088315e-06
2 3.0007145775888624 -1.9382986083258222 6.197464577762879 6.697521733888734e-06
2 2.1364014759252203 -0.5224156128440152 -6.2825584637577565 2.654955435435687e-06
2 -0.6299282034186318 -0.5559288509413012 -2.311925074265134 -0.00012107389530995734
2 2.1453937702389467 5.553170863165912 2.8064586093959836 4.4739142313228256e-06
2 2.8725760034837275 1.068120505176605 0.40488332376366376 4.818453311752031e-05
2 4.999534860689186 -4.513802258469029 -2.0595197075620773 6.697294425635124e-06
2 -2.0241826420189204 6.502683916793428 3.4491490107897764 -5.629054941189846e-07
2 1.7547888945428376 -3.33236808294744 -4.185174898219632 2.6732746404064435e-06
2 -4.34565671492982 -3.1308085183347214 2.649552756226612 -5.4781788154212475e-06
2 0.52789567417374 -2.0086531217343966 -4.2422977496978636 -3.723964271256599e-06
2 -5.370788431857811 -1.3416352321851832 -5.601101864291413 -9.017699783675412e-06
2 -6.224583963178619 -5.806999308063019 -5.853434649012404 -3.694295800700474e-06
2 2.8635442791210934 -4.518108444569094 4.357555938829433 5.893785633587765e-06
2 4.884251222666618 5.269099871742021 2.6090550574505222 5.352990744722163e-06
2 -0.03827334879039945 -4.8940787287839145 0.24605869884806442 -3.0159704953510734e-06
2 -5.406355027288782 5.5372068661501235 0.154551121735655 -5.646404002816649e-06
2 -4.244287499554842 -1.886975585183257 -0.5745663947485742 -2.5022122511934457e-05
2 2.544363545603881 -5.942367333524013 0.8547385293323613 3.82313360701396e-06
2 -1.0651408706783352 2.520271517167208 0.861387656126551 -1.5658821394106464e-05
2 -4.821359816499486 -3.7559838404597667 5.612012262777236 -8.532341336349198e-07
2 5.538741920424682 -3.2736101324952056 3.386174482983165 7.455816311456144e-06
2 5.807606884409431 3.7164678121362176 3.6013292439541527 6.263744720121954e-06
2 4.4456486644185595 -6.05541503759797 -4.658424603564701 2.183218572106049e-06
2 -3.3892385567372196 -0.766951289801109 -1.2826740331648843 -5.131677925552361e-05
2 -1.4792916377553933 3.8475741580515166 2.385329399287455 -1.0886632626483503e-06
2 1.4010827894518263 1.5099337537951882 0.9638620479112765 4.84754612284253e-05
2 -5.5674135724306755 -5.875857951455329 -4.01787479507631 -5.046368928315021e-06
2 -2.421533497310989 -0.5690422697493016 5.266933472243823 3.286364897107145e-06
2 -4.313960062712175 5.0099521820942545 -5.719316492919572 -5.4173987692045204e-06
2 2.875564868239799 -2.4376381336844943 1.2665568026968534 2.253685402018377e-05
2 2.4386948653029474 -3.7490737208233647 5.000581887779104 6.525378128658116e-06
2 -6.409690714379269 3.625344335563197 3.072551527317531 -3.7252800313662687e-06
2 -3.8280374813976312 -2.982566780106348 -3.704735303116715 -1.5465391334252948e-05
2 3.09143123291579 4.262422528605034 4.464777758379016 6.240376200919133e-06
2 3.422442932271414 0.5498086799111839 4.656390004704475 1.208512184649465e-05
2 0.11542284542407 -0.2815640181797141 3.3011807257305072 3.19955213755706e-05
2 -3.403338637117502 -2.362969081201191 -4.6233131704564965 -1.4754300575171775e-05
2 -4.276003419501895 -1.944836067923946 -2.282632165646323 -2.379593996112079e-05
2 4.056418171995311 -2.6561002687561386 0.5646707340305852 1.7771494261749194e-05
2 5.865564662294238 -3.6519782851411304 -4.886632379603934 4.379637514934748e-06
2 4.2026765875379795 -3.416813713178606 5.825854903393736 5.3070480648031575e-06
2 5.777087732672923 -4.676623938293674 -4.995739036687841 3.294273473477885e-06
2 -3.880276520389491 -0.0008415791497098368 -2.573700417780962 -3.413793216925487e-05
2 3.756625974925212 -3.313486477205604 -1.0023173860483867 1.4427468261242486e-05
2 -3.1965452758818693 -5.659353260059512 1.756083654534141 -3.973480662904821e-06
2 -3.831536507566511 5.256344934097839 6.156613624486296 -1.3476191794149344e-07
2 0.20389076505267756 -5.903832079434283 -0.11908836793585653 -1.6136820948909314e-06
2 -5.75640216725898 0.8391196677588644 4.0486081176948066 -3.3385091697540656e-06
2 5.631720768165579 4.977570611788154 -6.506923959631384 2.003427910730387e-06
2 2.3876578147843954 1.1167037510420137 -0.33877140885362156 7.067985063852101e-05
2 6.512335667959549 0.42866269140499114 2.1855872741083573 1.0127039408637723e-05
2 -4.115486737907636 -5.267429607373289 -0.1731608402674123 -7.671386136466302e-06
2 4.15139661628252 -0.9140863327622428 5.359203274403649 8.456891231682348e-06
2 0.3039858487060334 5.562255955159081 2.0948704925781385 1.576437606189864e-06
2 2.523656406171451 -2.378174451470384 -6.50736080107687 1.9523436210077686e-06
2 -3.518777720734947 0.9839835186436536 2.998664663246897 -4.145976723057278e-06
2 -0.02183539105491139 -0.8908179987386493 5.4177176374711085 9.137173274273148e-06
2 1.743566720398297 1.8536517845098412 -4.580090267921168 5.773684137305511e-06
2 -0.7336063927616232 5.436107289608133 1.0030212851607656 -2.5746057072872496e-06
2 0.4350850942179889 -3.927532802165903 6.122975746997687 3.934606956237818e-06
2 -4.029669944187219 5.20304578633667 -4.824497959880826 -6.295824191517244e-06
2 3.944024526412635 2.802691807438247 -5.5693539966536205 4.597426410674448e-06
2 6.2645947034610465 -6.473651021864225 -5.282946423616883 1.8639893924980079e-06
2 5.373330374246766 3.528322028371136 -0.9181767760504647 9.881135857749695e-06
2 -4.8183030701941965 2.4229636226925795 1.6604803482972894 -9.666497194976798e-06
2 1.1612973163393008 4.9083623978689594 5.143370958939647 3.941525450483096e-06
2 -5.130783002295342 4.547798659945686 -4.1468807113625346 -7.446456741616196e-06
2 5.797616216626295 -1.4161863873696054 -0.4467976270549352 1.4720192687757997e-05
2 5.661655012796647 -5.958634392571673 2.960903593053418 3.961989239361725e-06
2 -1.9228754760066185 1.0390791921183267 -0.7126086701497973 -0.00012724800229585692
2 -3.9078431600010712 0.4143091049515535 1.9055208510644661 -1.245737146878896e-05
2 5.1250198537594365 -1.3954479320818054 -1.7219068657496726 1.7759352475024866e-05
2 2.0642922255588996 3.529570237255937 3.8386119297972527 9.148614261118859e-06
2 -5.663684334675217 -5.948905441784607 -3.208615451195039 -5.254731963786181e-06
2 5.232974335506096 0.43040251252087725 -3.79926110740496 1.185315040666496e-05
2 -2.3490934522915445 3.472475499156701 -4.3570062884310286 -1.2774839383835865e-05
2 6.379706645919592 -1.5650717820760667 0.06355346278100793 1.1681965379975716e-05
2 0.1309849376153247 4.549704543517773 0.44302068829298147 -2.1684405248734857e-06
2 -1.8256572443972399 5.303941679073398 0.880386556463959 -5.23552758939171e-06
2 -5.2037872496440665 0.6785942561074041 -1.0286418947563734 -2.0818251457736072e-05
2 2.813043068096679 1.0597056781812029 -6.360804369795472 3.488211814696383e-06
2 -0.014416542175539782 -2.337443502036643 0.26861494509514383 -1.809525821378733e-05
2 3.507383104509765 -5.895586884365535 -4.2678199785031 2.0609811873968687e-06
2 -2.052569079547151 -1.657367259003828 -0.7084161515333838 -8.033368114533406e-05
2 -3.7241615143983093 -3.625825553912805 -1.762744754133367 -1.7242552607380098e-05
2 1.5158000401514418 3.5372290536061044 5.733181604629372 5.5593816803252896e-06
2 4.359536449521272 -4.612084178339474 5.02738728599738 4.778345641536115e-06
2 -4.315274732253279 2.0131620823197363 -1.9406092579305882 -2.3983875413382376e-05
2 -6.313415726375704 -5.860461676124921 -4.364204699083948 -4.4042972670717715e-06
2 0.6387992592779224 -5.475272492038931 5.993150992081423 2.5992463986921576e-06
2 5.573489698473626 -1.0811478479117866 -2.535044276630467 1.386353512312969e-05
2 0.10021800956524096 -6.222582908640722 -4.6242004294350805 -2.3732382832672606e-06
2 -5.694029047717729 3.69291088790564 3.778732520729264 -2.933834240658146e-06
2 -6.136746460331225 -6.254185968810607 1.8282866638212987 -3.125626821114018e-06
2 5.481098885613191 5.952539889314409 5.390021798584957 3.0248844820771095e-06
2 -3.223593945589143 3.012688741258362 -5.440859815734086 -9.91428743922773e-06
2 -5.81308470955552 -2.877974217481825 -3.179474567081221 -1.0754964540661668e-05
2 1.2969689511707694 2.4549017794910775 1.5473906614790174 2.2586476384681418e-05
2 -1.8603194809623167 5.460873331032401 2.7461768504739634 -1.2462771254373017e-06
2 4.230556758552908 3.891184152022131 5.958816073868798 4.685747706497444e-06
2 2.9410880392599275 3.8487570847223953 3.5964955539416774 8.474599431019855e-06
2 -1.271369855914541 2.9105785971993487 -2.868647081024749 -2.58416278218615e-05
2 -1.0122166729013795 -0.0126287813776651 -4.053546529561503 -2.7918459313807606e-05
2 4.137896254644801 -1.5775584996264147 2.7771430170750318 1.597296373718771e-05
2 0.7050071487690159 5.9970641299161365 -5.669235618273642 -1.4322862651415818e-06
