2 -2.7002002541886094 -2.302661220468874 1.5061012311579205 -3.7094923130818525e-05
2 0.9627072802025065 1.6644171953413958 0.003964532180161129 0.000718948734654494
2 -2.077933087075317 -2.2449475481161576 -0.4896211728900317 -0.0001268250763826924
2 -0.7527423348795006 -2.7023318323769496 -1.8259587773929797 -9.003272661680436e-05
2 -0.6371000322656757 -0.06565080963366032 -1.5664642545551248 -0.00020289445081226286
2 -0.047104309118439325 -2.826989545900638 2.2162684719682177 1.1011796997103737e-05
2 2.2005957611845606 -2.680988741206838 -0.8048494253901408 3.1164300034448866e-05
2 -2.445119674242026 2.451570593856201 1.091192303120497 8.338857984141468e-05
2 1.6991660235758923 -2.289202883553763 0.45784398743441734 5.019352347924045e-05
2 -0.4416435065889903 3.0632174765537306 0.42164186492020583 0.00021110522830287623
2 0.0011035864705482012 1.2386931335809646 -3.982581742851459 4.4180848330518246e-05
2 2.491157896281928 -1.538671436058702 -0.5549983519238477 0.00011586220496935182
2 2.4435879840531225 3.012140953576215 0.3412515789542194 0.00019970258657908344
2 0.9755258821919721 2.8151235252144176 -2.8934414737467122 0.0001024591128113532
2 0.3421090481544402 2.3663887690825955 3.4209917446170612 0.00014204225317898667
2 -2.3929405431621777 0.7875683910295432 0.5899922318360682 1.1586890188682378e-06
2 -1.395652026169179 2.631245808799779 2.6664225153018224 0.00011600493359557179
2 -0.75671831129385 3.825058536742299 0.9613333652299261 0.00013292844165819877
2 3.2227700791530776 -0.3305698225418716 -0.6095317347977023 0.00018591233760221343
2 3.462776977222898 -1.3395174050288388 -1.7460135948849498 8.03397944381546e-05
2 0.6631609525938167 -2.5234341763455395 -2.674229192120364 -2.4515940882554503e-05
2 -0.09580226311319606 2.51580237053295 -3.137995016777289 7.821269186919326e-05
2 -2.4540244341599182 -1.3748500565749504 2.283741108925212 -6.282370190230282e-06
2 -1.4597766353105261 -0.25370231770600604 -0.9410050846743565 -0.0003471482588399341
2 1.3907738013671942 1.3689186805756108 -0.7891341125953111 0.0005441361842921516
2 0.8452768696113742 1.8857477761951928 -0.6476520245576234 0.00048393517050256823
2 0.3156796576309038 1.312425389391545 2.5455340217198987 0.0002779234363293054
2 1.4332077711022544 1.925888184787488 3.283219386518324 0.00016451901645720898
2 0.3244486416855068 2.909555028294788 0.4742814044663852 0.0002778465332420113
2 -1.2474112718755932 -1.7174684514310963 -3.0279088805062893 -5.2684002147654774e-05
2 0.3207785951669475 2.315856222635099 -3.2340949149987006 8.33956948490238e-05
2 0.27020383623654887 -2.709258056499883 3.024966754782385 3.617063279822471e-05
2 -1.9219605276179563 -0.21119957267697576 -0.8029027018658028 -0.00022560422671433905
2 -2.169759766011772 1.904344293716707 3.1321521632675484 7.879268939848388e-05
2 -2.393752658073753 -1.447903960767165 -1.327511035955459 -0.00011821757384096639
2 0.5296187495806759 -1.273597645699804 -3.2547519831128082 -4.464265205746717e-06
2 1.5891535709755757 3.0477293929297007 -2.1136707569373385 0.00013584741715015093
2 2.011994798121889 -1.634980877020154 1.0830171382487146 0.00014207639943949156
2 1.4394622219891762 2.8177099617534953 0.2687821353134936 0.0002827991958527648
2 -1.2468322209965899 -1.2785677583774326 -1.3989609792714672 -0.0002503369317369136
2 2.5518408556983534 -2.6961448506970322 -0.23474940519707843 4.895914103612668e-05
2 -2.1989748276254133 1.5376674889076263 2.1887367925995234 8.988208595984287e-05
2 -0.17138591385945912 -1.4902025385687256 -2.582157838047144 -6.765130064092595e-05
2 -1.6115120052852205 -0.2867383384731852 0.8921288386957436 -0.00014999629028449903
2 2.8794932393450443 -3.0072682060035048 0.042926517527166475 4.6708892948289435e-05
2 0.0732339844104759 1.1559563276223797 3.6640498651807842 0.00014215210820440333
2 -1.673375141045912 3.2599469579302305 -2.2644906150109545 6.092137855214473e-05
2 2.71238637941084 -0.39334681993347775 2.017454348418662 0.0001970693284318835
2 -3.314635978596795 -0.2774659247368101 2.1109750190146874 7.006404787012442e-06
2 1.0916345293217633 3.133414583573656 -1.2723566520216245 0.00018377971385087274
2 -2.151230552006282 -0.09789360269339742 0.9809125450679943 -6.212686940918789e-05
2 -0.8477477986197637 0.20399809886450893 3.347323881336334 0.00011372699752862717
2 -0.9595460244494798 1.812679628866535 -2.672668108608643 6.127570081642351e-05
2 2.9740490227241354 0.9944678895769288 0.8429272374899517 0.0002760693371727588
2 -3.2211524368910256 1.9119758602260122 -2.1239845770311203 1.5360898935000075e-05
2 -0.13749314001495616 -3.1810505068701724 -0.8352912933547358 -7.997487791040758e-05
2 2.3611885880642616 -0.6965455706082957 -0.05160832590862796 0.00027723868005795696
2 2.0226437219490077 2.496181277298146 0.3010746131255546 0.00028799355994089254
2 2.2859004669868135 -0.945826354644935 1.8390551872931242 0.00019397563796378497
2 -0.2708211482974354 -0.8636063198729742 -3.2741673652414676 -2.0592852206486635e-05
2 -0.8256925426876229 -1.1669229375590104 -1.6243788715791632 -0.0002476250593727719
2 0.8460572921703715 -0.32363445080975506 -1.6901031986537207 8.555777820647668e-05
2 0.13745168806525765 3.8842054583005012 0.09116389916089229 0.00015637154209080517
2 -0.3612080189995419 -2.3025802928975416 -0.6731011753820826 -0.0002051846017863939
2 2.9906297039957366 -0.5393663366060473 0.8942910180121961 0.00021635068321992565
2 -2.5157001907226277 -0.46920579655251116 -1.0421283104307015 -0.00012164192237361371
2 0.20103911231283877 -3.2507686667573417 1.4385533867207645 -1.0646008864227284e-05
2 0.008277731896660256 1.9926805641367125 2.0079211779476713 0.00029241441610275073
2 3.3609613214158935 1.22083441114109 1.4565836659117597 0.00019821955504615088
2 3.108144788020909 -0.19890508201246782 -0.8521696184679555 0.00019166313324860823
2 1.376484303430515 2.6426295469395145 2.5419133275948793 0.0001875220786121054
2 2.317257778295934 1.0437818366154206 0.35086239055095536 0.0004459670396248297
2 0.8195721895259576 3.3958467268521195 1.907687675896665 0.00017505815924373502
2 -1.122693505605946 -0.6464460103669487 -2.3204731845836593 -0.00010294151660288509
2 1.759157018176916 -3.1706217402489263 -1.4743283374282918 2.8649342549065017e-06
2 -2.9237376803291557 -1.9197220072312833 0.25363357526181485 -7.550741853420972e-05
2 -3.1435436598867232 0.1985959059456759 0.7389318377442482 -2.215155209449836e-05
2 2.075612075956059 -2.824147818238136 -1.8990891115474984 1.5470339741341897e-05
2 0.20057947288118783 -0.7674376625530708 -4.074773096363806 8.004673336105012e-06
2 -0.08398842313435217 -2.9583892986426874 -1.7024078444034627 -7.031722793463891e-05
2 2.4433160278477137 3.077105646896179 0.9956784266187713 0.00018787676453104613
2 -0.5016491092923316 -2.0820837741364984 -3.4338255815243968 -3.0027130767164294e-05
2 1.52549654588634 2.1048285305254097 -3.4103734995329376 8.888510858235006e-05
2 -2.5973187069879953 2.067047898906911 -1.2410539175372564 3.5911004693574104e-05
2 0.49678875827362834 3.672745090243396 1.2021003091258127 0.0001738529459338993
2 0.9949190566701018 1.0764104375832275 1.0262963521496014 0.0008836385257516982
2 0.38045395485665523 -1.8517274873934508 -2.7205713192709533 -3.5478843061948026e-05
2 1.420979192559189 -1.9540815039898547 2.8248147019911487 8.620275313600372e-05
2 2.0493847510983008 -0.6094093588379605 -2.61643868117892 7.994271862232956e-05
2 -2.894352533369251 2.8657794574484265 1.4980013508272805 6.438642965502991e-05
2 -1.2481097514967576 -1.1687154488065254 -2.3512397296765606 -0.00010457924876132712
2 1.2401071401870594 1.8642397628550373 1.8362941301651565 0.0003422675001567635
2 -3.728439378449915 -0.10333967891047724 0.49381079063610755 -2.3880097986890407e-05
2 -1.0290961760404493 1.2276567976800106 2.2736428446665498 0.00019507312411653002
2 0.5466692497922514 -0.5999402600537169 1.230953582258281 0.0004397123112140841
2 1.416198602690523 3.569827340318869 0.5147403252860023 0.0001894938090529867
2 2.8677305762934022 -1.9272586038372603 0.9422970005649489 0.00010619805765895232
2 -3.665370197712024 -0.03200295716245716 0.46097715745498036 -2.4288093924007916e-05
2 1.787810244763814 -0.09312894703114338 -2.346017266342001 0.00012261812875085688
2 -3.1557967225251558 -1.4372267007837252 -2.1603119676317624 -5.059420915868944e-05
2 2.0552190637113217 1.870430612259761 -0.4310926690844492 0.0003554506866232099
2 2.826919091712937 -1.5068888413226715 -1.9483706939772056 7.07174000201885e-05
2 -3.48591400531136 -1.179178663376248 -2.174527832754103 -4.104829658726464e-05
2 3.549094595278861 -1.5749422508627822 -1.73776030890064 7.160362779418637e-05
2 1.2908684686673375 3.0909192828337 2.390421075203668 0.00017010683507369742
2 2.905465776251927 2.0160603844282967 0.6110819680765323 0.00023857194470687168
2 2.803897293776754 -2.927239642898636 -1.3739925320839594 3.3455293885600694e-05
2 -0.9482668640264333 -0.4498929699008425 -2.790293043429725 -4.9693615917478e-05
2 -3.8434618581154476 -0.40443060701251454 -0.8113251529679792 -3.788897790688787e-05
2 0.7572195182206549 -0.24062040649564853 3.4435552459058654 0.00014570176932808716
2 -1.857286828473363 0.9757772490925589 3.361163573265527 8.117712591488094e-05
2 -3.1110604568216065 -2.614873153605838 0.7040298761132053 -4.528826015001274e-05
2 -2.600307805609993 -2.899399641659903 1.6518413460395411 -2.822573528649061e-05
2 0.29021614287080943 0.5626292398124946 -1.3491837813778962 0.00029770490916755654
2 -2.1435476513407785 -2.9295056477157675 -1.1441028623279648 -7.586456836602236e-05
2 -2.528314067784714 -2.9606329106108484 -0.008808987023686932 -6.463115418809621e-05
2 3.6043206131302306 1.4027802087150851 -1.6793491207151576 0.00013582811403338446
2 -1.3489667235911567 -1.3694165309278121 -2.983500044065797 -5.536837032808989e-05
2 0.8850773356792097 -2.2990420259648663 0.18036897833357113 -4.987918410793556e-05
2 0.460251363772489 -4.1453057701300215 0.33170914677916397 -1.7333864351245978e-05
2 3.1590432902909624 0.3235677408628499 1.2537420192845952 0.0002288742864018367
2 -0.07999300737106996 -0.3400632342804517 3.211034663167312 0.0001356887768752084
2 -0.3614118822639627 2.577243760547476 0.21733914304317103 0.0002836924399765954
2 1.3192214757410365 -3.9498354207375814 0.9959898340808673 9.279873019196489e-06
2 -1.6233916468882574 -1.1538109078296306 1.1753082565884903 -0.00011884105521944768
2 -1.628136835484538 0.6652355592161605 1.236231160395148 9.072444015451042e-05
2 -0.373739640526205 -0.2795931062397905 -3.598961456648599 1.0582663340966657e-06
2 1.2434945391856713 -2.291395723666651 0.3762527718793631 7.210765103478518e-06
2 -2.7167091806234893 1.7507464992432071 1.2974659251210472 6.241099305417594e-05
2 0.938113909719525 -1.405254747910711 -1.4239311533302796 -5.8357844780123876e-05
2 1.6486024409070348 2.643088224572409 -0.449397286974234 0.00027582808297944503
2 -1.8638804747701898 -1.867427287543323 2.8563356228700627 9.843500844952148e-06
2 -1.0224600382208262 0.8601690242301734 -1.705526932952948 8.858806457702744e-06
2 3.7123596379215 -0.3597494901547065 -1.5324315858421076 0.00011498428079741163
2 -0.5162570603316641 -1.4928684011448894 -3.1803951472745253 -3.93635584551936e-05
2 -0.7918428414692209 2.050081180353316 -0.4736832477918709 0.00023979926914315455
2 -0.026746664048801883 -2.326701300704112 3.115749734181194 4.1440835456223526e-05
2 -2.9320328641160067 -1.2498016513995682 1.6572792364655635 -2.6913005467053125e-05
2 1.1682906249967075 1.3979166097103057 -1.886633108949904 0.0002438219025886132
2 1.403419979177567 0.04349148473508979 3.700885453683739 0.00013659343544606892
2 -2.5673671674367844 2.892234984235155 1.389528759673392 7.664447139517881e-05
2 2.637778650655453 0.38454932718878254 1.1421710232212519 0.00032002965291858324
2 -1.9826766850666036 0.6214959305249081 0.3303495974025452 -4.7005424359231485e-05
2 -1.0071550405964689 0.9350800076622088 -2.1780503418281763 2.2841562943088853e-05
2 -3.1596641612898866 -0.2931173579911288 0.32318110963369584 -5.442228864453898e-05
2 -0.5837488467450624 -3.552894361289765 -0.18645566696271665 -6.380051170747168e-05
2 0.037284467424280265 -2.342427092767876 0.3950782501003678 -0.00013668636270875063
2 2.665138315866792 2.036643988838117 2.337288591829836 0.00018132404413044936
2 0.15268860872663126 3.680550742171043 -2.1270256212684897 0.0001030854276743657
2 -1.0466381044187094 1.720606906837033 -1.2383872910872964 0.00012295536155121876
