2 -7.200270760052583 5.181047846590223 1.2008806237220018 7.861926901595097e-05
2 7.257248833456863 -4.478473121338312 -6.03748697775357 4.6171682296411646e-05
2 0.02995978303050073 -6.9365298739332 -8.068093398689424 4.4117016485512924e-05
2 5.845954974024664 7.904908439459174 5.558189672876981 5.4768993790819814e-05
2 -7.828466717578623 -9.454664996085985 -2.252464563371868 3.130223581464287e-05
2 6.640429675052481 -9.50709738023622 0.1005350423347835 3.87900209941556e-05
2 -2.775907474925953 4.147357459118375 -8.240313258839477 8.477893695530396e-05
2 6.346768151489339 -7.593197526093456 -0.06559093814223793 5.495595020782322e-05
2 3.46290759339794 -0.9505548788735982 -6.827950457236248 9.69669213408951e-05
2 -0.3790221510521903 -0.6906567449271179 -4.510594935030742 0.00023869172893095932
2 0.3384824843363088 9.432646803176326 -7.166785234398834 5.401769565093878e-05
2 1.5714627882977332 5.829650022259445 1.9121129720306929 0.0001665361012319417
2 -3.0336982349951542 4.41967205333855 -3.6840087853485546 0.00017999513490788433
2 -5.305710090549415 6.589089789554539 -0.13577643685367136 9.219174199308294e-05
2 -2.4523602104314213 5.623694067753775 -9.545458767757077 5.800176334672977e-05
2 6.3631226723732155 -9.312989600662386 0.2994736211176168 4.154533085613436e-05
2 -6.23487773632665 3.1610647161336516 8.595965058293164 5.363134420625799e-05
2 6.292562269981996 8.770578339367994 9.490476833521733 2.985931411334879e-05
2 1.2232821298241223 -0.5447839639709233 -3.755020656748262 0.00010918507690928942
2 -6.161416395545346 -4.977063677126069 -1.1854790439335687 8.211830657484189e-05
2 5.841830112415643 3.659682390568962 -2.95217968861533 0.00012379542267268882
2 8.381926400679138 -4.284222884033809 2.581777154017656 6.479815310745056e-05
2 -3.207710746505146 5.561069868731378 2.454177221600288 0.00013739982880808137
2 -8.80667589417291 -6.879273776562567 -5.739221855790911 3.108823724125992e-05
2 6.723544692132499 4.097078416112286 7.677361459613902 6.202076179055228e-05
2 0.05069620696485089 7.795159926018872 7.374127474571434 6.136265437299641e-05
2 4.893930494584884 -9.737758785240045 6.324070817057514 3.797513077110389e-05
2 -6.945614489965848 -0.8618034769790075 -9.15972378717855 4.363803788457755e-05
2 -9.250897463561714 1.8374223153396496 8.366476228543988 3.735101660376081e-05
2 3.7308562481827288 6.926580028786972 -1.9476283673590764 0.00011789176785342096
2 5.132032488297263 4.484057041904887 0.2995070086252287 0.00014147223861632946
2 3.666701263021773 7.653118995041222 -0.0530209268405013 0.00010114702990381946
2 -3.7677701679178908 -5.28048203665766 6.3538117233583336 8.308378089956766e-05
2 8.093362169562525 7.1848988639391465 3.0194119307520815 5.334073116178485e-05
2 -3.0146115975790293 -8.766553133580498 6.559844317601161 4.8086440122146126e-05
2 9.76246841674277 6.508550535638683 -2.449954184506635 4.4153157560654345e-05
2 9.301596830386377 -6.2125109906462885 -8.463143111639786 2.3161912885331964e-05
2 3.1349695913284688 9.388242756917414 5.016997522747118 5.62339602342398e-05
2 -6.0940683727965865 6.5857222007190295 4.685634587228179 6.353433651460402e-05
2 -7.298532541397512 6.275127335652936 7.404537767787808 4.1902126488673715e-05
2 -2.830118912965852 -6.65915923719999 -7.089610335124867 4.9734519699872074e-05
2 4.008716178819883 9.722739449925346 2.6866874590022984 5.86824357870592e-05
2 -8.846945013091773 9.244253280789739 -5.994025807704292 2.8907215864751553e-05
2 -2.166039233465411 2.714539434948735 -4.648959258732911 0.00024297388011508737
2 -1.0995582909125474 -3.940425934316459 -6.532755357329569 8.799677596755893e-05
2 7.640588550522104 5.463762642425323 -0.3730351326609185 7.656729340388402e-05
2 -1.588935808626772 7.427497210489296 -2.053608290217367 0.00012313697559094037
2 2.7957730766442115 -8.294161676169276 2.2300567687729203 7.248059681386735e-05
2 2.0797322457681826 -6.583972607840755 -1.956896662563878 9.237648234737086e-05
2 6.474061650555246 -6.630713382735179 -9.186421867857241 2.7573252712971055e-05
2 -4.665881460114475 -9.537738758330184 -5.465874295923271 3.379782952541834e-05
2 -0.7532496119267389 2.248914517770954 9.429465108673867 8.111050678782758e-05
2 6.760132715731611 -1.8078511574343672 -5.219049386787439 6.958639132936717e-05
2 -6.498078109799341 4.006532575346194 -2.5851773358510846 9.86896012481973e-05
2 -0.30081050848741064 -6.895546480039241 -4.133976032327429 7.488258206703475e-05
2 -5.43746405663483 7.664447259498143 8.958936844238039 3.646595249358298e-05
2 8.601033476202076 -1.9533150552546221 -5.839650150279737 4.796874990059e-05
2 -5.23589238174133 2.191048409076286 0.9033447864417141 0.0001667547074544521
2 4.961454616003154 -5.457148984187329 -3.2688615467351507 7.366886940018623e-05
2 -6.901098309001833 -1.3143323386950616 3.4252243576926027 9.933898582380256e-05
2 -3.9722505137841733 5.687245070887821 3.524503382996105 0.00011017616630141669
2 -3.299239590404638 5.419341481765141 -8.987295399342988 6.15390404763723e-05
2 -4.457517522629247 -1.9345286295823723 -9.946667056705241 4.774372090829731e-05
2 1.830379095645208 -8.51455572202916 8.050301710268968 4.719061866872458e-05
2 3.5577180948860807 -5.584466622109841 -9.44806075761704 3.773459925458629e-05
2 6.8522016983168825 -7.748803925366988 4.133835218981716 4.9478405540019476e-05
2 9.306606553466757 8.224150071410829 8.319430681901633 2.6341042291072205e-05
2 -4.686817570324556 -5.823859540902549 2.4906893275612045 9.315379848384814e-05
2 6.8535293528067065 -7.228050887002676 8.729929598952204 3.616871205930423e-05
2 5.213835308120601 0.46747608425154397 -4.779234897830029 0.00011518291793504343
2 -5.871994481606925 -8.206475088670734 -2.1998339348515836 4.812829181502237e-05
2 -5.064879630152843 3.864784667307852 -4.805439143618985 0.00011086699357203764
2 3.304909614980989 0.7084941543398902 -4.991958982665197 0.0001681551048822506
2 -6.505774082301302 8.016659283225838 2.89372037182728 5.545514469896342e-05
2 5.272167507677203 -8.298612094407629 -1.6458198902553267 5.14058060791756e-05
2 -7.755125076066552 9.444415776281744 4.2721724087535105 3.5212161280918214e-05
2 -8.892517383511118 -5.677999728053575 -4.714147075933677 3.835716381121483e-05
2 -2.8276680519687707 8.11303510072997 -6.227765415191357 6.829811888389019e-05
2 4.214001923706807 8.576206295705852 -4.823974845569122 6.73810790734538e-05
2 -6.63859888477462 9.010891022499031 -1.9150774622017614 5.0178954800660004e-05
2 9.29812413305428 -7.382248139900717 -2.2647630343927103 3.4075494435371946e-05
2 -2.0221219312369296 0.8689930019468743 -8.641671080544514 9.015279225546701e-05
2 -0.2691615112706067 9.728584530877253 -3.40808327818016 7.182691594523963e-05
2 7.098214756136581 -6.284645044496024 -8.868213741338543 2.8016526462576296e-05
2 -6.63134386407695 4.768235559990808 1.8192839209962397 9.01358525604681e-05
2 -7.6192025595578325 -3.0806513991016553 -4.242481478002696 6.415072651095867e-05
2 1.7041147932648109 -8.54773855488546 1.2995101950207957 7.253852197538131e-05
2 -9.24050456182154 -3.839342462134794 4.081108401143151 4.9421255463216356e-05
2 6.310310650348459 7.785038439054201 6.186255547047345 4.974382968982462e-05
2 -7.770543770251036 -7.67100355150364 -1.5430972724534229 4.235946749022488e-05
2 -6.068293930070006 -5.7293300034351615 0.29280280199528974 7.75409445378546e-05
2 6.659709186257999 4.074903469486118 -5.560136709027636 7.782959010474095e-05
2 -3.1236074119225297 -3.0277890770948703 -2.0531185185172234 0.00018236986997791421
2 -1.3989902700840489 -9.925613061968255 -8.998631520261156 2.4946712830946083e-05
2 -6.367835261709272 -8.395049710104374 -2.3347241863478496 4.3745490966248e-05
2 -8.801632681810291 9.253440929983686 -9.444445267584415 2.103634787700476e-05
2 5.458287536565708 9.392678378557594 -5.07404413869293 4.966256358185987e-05
2 -5.275053381725768 -3.055679285947372 1.1141567397231302 0.00013594073339001403
2 2.2667219176039044 -3.89100276458334 -6.733401009200442 7.67067807959402e-05
2 -4.752357844104253 8.110300514296693 -1.0600502986081946 7.644200151467773e-05
2 1.7111194593207593 9.76373334110825 3.1241230576816434 6.441351252880773e-05
2 -1.1683308668809946 1.5167508037055057 -4.052743073397754 0.0003966933207409285
2 1.6333540683584307 3.261735678266998 -9.167599952058346 8.193013142516799e-05
2 7.1830328528154865 0.5256657683438561 8.599370990850094 6.0481432448999474e-05
2 7.051719669495952 2.8898676234074543 -1.0057405682919125 0.00010629662207414014
2 -4.391180153901436 6.7210205546338955 -3.338557397984978 9.602941625268806e-05
2 9.445189511218029 8.607679912090745 4.604217501819015 3.336308199079975e-05
2 -6.745468996287913 2.6393108923163826 5.295347354995252 8.123598216954146e-05
2 -9.575203312650968 -2.6989881410103544 -1.9274512449773642 5.332024970046776e-05
2 0.4398054583741491 0.4618403235224253 -4.731059390563713 0.00031062641066565365
2 -5.923682011573719 -2.2505408303908627 5.662854949060716 9.124883359066158e-05
2 6.24544394040155 -6.406263717736586 0.20782903949367082 6.823008068690697e-05
2 -6.031445514144506 -7.277428994677688 -2.2451215292394417 5.4969316104022e-05
2 -7.345865022682083 -1.3043668316733612 -6.071813404651651 6.269977756035217e-05
2 8.424932197071836 -1.6289154551055987 -9.361825384978122 3.276772471082881e-05
2 -3.051027633392736 -7.8764669803772165 4.608179030274528 6.744253277852817e-05
2 -8.608337267045039 0.1028254397753674 -5.8963211062443674 5.372804454404116e-05
2 -3.301160989207718 9.670580722218432 5.5081144269729965 4.821589416349606e-05
2 4.7387797529048505 0.30127358987005337 -6.623689176829442 9.440407340971328e-05
2 5.433693884971969 6.707024934068713 2.8938254990041017 8.63180763119155e-05
2 8.108869223236777 -5.5252895572930285 2.7567118059193554 5.8681946762842925e-05
2 4.115810703992162 -7.252242066948025 9.228497795501397 4.3752342398200556e-05
2 -1.7205375304531003 7.9688611317189455 -9.565052683608542 4.5445676733930134e-05
2 0.8194475673606476 5.579488431042071 -7.647472881662344 9.80099351455139e-05
2 -5.7836340761034615 -4.18893363472485 -9.840017701986026 3.574047334172607e-05
2 -8.10556151106206 -8.389267885061212 2.884513409955808 3.6937157715671105e-05
2 -1.6576080008078335 -7.703761846653975 -0.038261235402226035 8.461491462253945e-05
2 -8.251646786266539 9.385286132979537 2.8125464867857985 3.594378865279957e-05
2 1.356942932641621 3.680878582305633 -6.877925045240133 0.00015216689248525266
2 7.964234533826243 0.023965859846462934 -3.0762588563832027 7.749538677251834e-05
2 5.591714660530744 -9.445445253600885 -3.3008714850234 3.698426912495161e-05
2 -0.2401353594417639 -7.96007259316478 -7.7038171294873115 3.98263638460931e-05
2 -5.4766165099904525 1.4842022808008473 9.023543517806878 5.981771656287102e-05
2 8.673308109111264 -9.291340874726277 5.877364193219938 2.8118369450801655e-05
2 -2.4862683329376285 8.326735706180525 4.969465830652485 6.817963228834497e-05
2 -4.533548876407904 -9.261418322994171 -7.591125777481522 2.8676324222830164e-05
2 -6.628781745973088 9.968731159275379 -0.562084938274916 4.376463567614232e-05
2 -1.2330235767844506 -5.467442706990021 -6.967498507795954 6.446361078898826e-05
2 -6.931767429770485 -0.4884886430868871 4.2163660295654175 9.490667965771966e-05
2 -4.065427393755652 -8.960817800879015 0.6996046005227896 5.545716663810437e-05
2 -7.961766728656995 1.7593257909143958 3.145131906300673 8.055899000151326e-05
2 9.318942393516743 0.6244790135364884 5.229589365467991 6.078339513852975e-05
2 5.592842941696782 -2.095233054990339 -7.098682183212747 6.328636398022784e-05
2 3.328403033425749 -5.673199492495905 -7.798223990593939 4.8124512396363466e-05
2 4.81025266565619 5.808471448594824 3.767643668189951 0.00010389862952093896
2 -6.701715143720122 6.42538821171766 -0.7919762718602623 7.47421000325374e-05
2 8.93116468720865 5.7470601303068936 0.8715495818191403 5.810514939844807e-05
2 7.032428429921655 3.7350000512579236 8.892208999853636 5.0973063616849e-05
2 3.8545061817102475 7.423843349550399 -7.844259243855937 5.85012217566819e-05
2 -6.113402768711378 -7.379018078456302 0.06663262358020283 5.839323800934906e-05
2 -6.703160694171956 -6.914150468090991 6.794103973289673 4.2776473406373996e-05
2 4.125340871343562 2.4347466147990104 -4.495346622354107 0.00017627555208124524
2 6.165520056521839 -3.7864351003199275 9.45091645509925 5.158996141765021e-05
2 -7.36481084480393 -6.097464861778913 -3.0357430298642054 5.1951356937712085e-05
2 -0.23013859160563221 -9.559230515765671 0.7823572677966641 5.9245575191277094e-05
2 -8.103780482232828 -0.9716120779941129 6.937206334770725 5.474219969266488e-05
2 -6.83163336005018 0.7852271092440812 9.904004333216335 4.378559228850277e-05
2 3.928080312460926 -8.498068448545876 -6.206466402009548 3.780505499901236e-05
2 0.41730645033163505 4.015589416556731 -6.3151153764258865 0.0001795325749529373
2 -4.144533425139286 -1.9560143310920708 -9.552564188305679 5.2730221602096135e-05
2 -9.557998365516795 1.6150481685024314 0.08173061943880988 6.239410868857444e-05
2 2.932361429974476 -0.003939279703947918 -7.405162838016334 0.0001032048325583697
2 -6.276876266687158 3.9333750172913025 1.8858663460405634 0.00010635330338136791
2 -0.3737518973930918 6.2240493142280435 -5.839155986475506 0.00012585128998792165
2 -8.041723483389875 3.1608009138094317 -8.908755036026417 3.9187001958634816e-05
2 -7.65925372780265 -1.3039902017348197 9.660368089640599 4.0059352909001234e-05
2 -0.97953578428152 -4.566901618283509 -7.410686612114459 6.89739374234604e-05
2 8.372388108697809 9.786439167842033 -1.6238513179073362 3.769548251159646e-05
2 -5.26267900762505 -0.9089376590732758 3.804332823263918 0.00014439904778850094
2 8.350632530729051 4.59397051174712 1.5948512870053229 7.193176379668454e-05
2 -9.29485225637544 7.694958229905694 7.234552662882255 2.8129801171610707e-05
2 -1.668144017221735 1.880688356074982 -6.526352980578459 0.00016755184748091611
2 9.129781478455339 3.4601565738231947 -2.838170036787715 6.117083585472122e-05
2 -6.279616738056609 -1.7348345237882654 -4.999334503653269 8.447651382910559e-05
2 7.66737106195993 -7.934786318777669 6.483792445032801 3.7221640547869197e-05
2 -8.617271943914094 -3.1950117980713184 1.362886108713516 6.549596881984573e-05
2 -3.193521136988786 -6.70570314637297 3.524902686100937 9.087462129923027e-05
2 7.3924711101786365 4.597830514191871 9.530285026798353 4.124399929648479e-05
2 3.414658810796812 -8.663062564415288 2.5782304023200115 6.37089020520618e-05
2 -7.062647778293159 1.0146191808697473 7.3379275760354545 6.255118366714798e-05
2 -7.201396950642728 2.8355875804933586 -2.7505545747667357 9.177181258721157e-05
2 -5.945591338238047 -9.89823495640895 -1.3591325790602564 3.713853551318115e-05
2 8.924240580865415 7.0606022111456035 -0.8379445794947795 5.026383041531049e-05
2 6.331585006150529 0.5463444364213075 -6.758040246153848 7.181023956378863e-05
2 3.061569637936408 -0.2253152805518983 -3.286841069169115 0.00014940971179469345
2 3.590230338480586 1.3551573536119275 -4.456411361368833 0.00019163992658950942
2 -5.08365608765493 6.60986749739595 -8.468308894651791 4.897024369176353e-05
2 1.524609084666162 8.785819447443856 -2.989822002708916 8.977600241012795e-05
2 6.314465534059302 8.05859062987135 3.1258168114657465 6.044666129608747e-05
2 -2.315275771200067 -1.2831558934391225 -9.034589514606044 7.091679629772578e-05
2 7.207697387351143 7.499146797104743 -2.985123319016168 5.9778699326512466e-05
2 -4.576512089495276 -4.844560895401931 2.8431557879515488 0.00011166593076405406
2 0.5999456289803824 9.800297719213933 0.5157426153153715 7.369033933543263e-05
2 -6.1348210361640625 5.998697069677965 -5.201194237408559 6.88804391539646e-05
2 8.489097744018405 -3.8949244862902246 -5.203921069207932 4.472283707228799e-05
2 -9.764484405299045 2.9672778982364374 -3.9474164330717603 4.953713632915921e-05
2 9.669445252230098 -0.4007907323839053 0.5022491500741264 6.371749773438227e-05
2 2.7342479324417432 -8.198802498734533 0.4531464561012424 7.263446480624227e-05
2 2.4212642895634087 -0.040852435519646235 -3.0999305210074644 9.167960339205914e-05
2 -8.342636940631564 -8.455072282929798 8.435258538383756 2.448338691168533e-05
2 -5.551622779134135 7.040062647291617 3.849507070121515 6.889340286580836e-05
2 3.900159790428015 9.80103698725667 0.7214884223387426 6.286193558638853e-05
2 -0.8033502612396575 8.143513940218487 8.596380987250043 4.796740142576957e-05
2 9.677302629114607 8.9221848578598 -5.22110745527323 2.9850902402873276e-05
2 -3.9994403616503806 -4.055465242970971 8.263935072569026 6.952815439314451e-05
2 4.881718317576922 2.131621078037554 -3.3028088585548385 0.00016418189336625001
2 3.5622483160573406 5.935673077523498 6.397824195956712 8.661581297235504e-05
2 0.4352794931766777 -5.406994564117612 -7.650773274283463 5.837245407956416e-05
2 0.42639818497534776 9.067704250182807 -7.744403624241112 5.3346179257034665e-05
2 -9.86797884389451 9.847919826904981 0.3830962845504384 2.8609088766879928e-05
2 9.62769785628715 7.433718568153143 -1.140071923539125 4.250483191570848e-05
2 -3.6104988499541495 4.955691899759275 2.1138486342990355 0.00014952017207214366
2 -1.7777350159862557 4.268705942561759 -3.7154593023262494 0.00024448979971030446
2 6.416995716312552 9.05814603677728 -4.855957098040335 4.7464925273164766e-05
2 -1.535891610945086 -7.95848703543275 5.810040093981529 6.635523102996425e-05
2 0.6370329459475332 -9.098712657107917 8.057114454484136 4.327774710691003e-05
2 -3.0041979007966226 5.601562052917128 3.3796514915013987 0.00012898184271690786
2 -3.156818237774031 7.648817420047042 9.639573919157051 3.97013980071629e-05
2 -2.7517365772373807 -9.2981564580521 7.206316892986408 4.16676401010713e-05
2 5.950330428948014 -0.567295974846461 -6.820976622039858 7.091268520420795e-05
2 -3.2157209679597605 -7.345095793331296 -1.9516287171279991 7.462774560375632e-05
2 -6.995108183358926 -7.465821901409642 1.8580025494012116 5.0903040840629656e-05
2 1.2684304836195892 5.318821913839386 -0.23682967271779098 0.0002175617336589803
2 0.059458790854831634 -6.224770077409035 -1.3949480494419255 0.00011459235128925581
2 -0.9066935947184884 8.51676249624047 -3.655981457394148 9.203174054695816e-05
2 3.924918557193454 2.411756319664608 -2.87692551612807 0.0002313929394634296
2 2.5763562834055858 -5.32918158666959 -6.3096585207543985 6.544824836764206e-05
2 -4.7411633696963715 -0.5039850828858192 -9.040240396972905 5.974683330749192e-05
2 0.2793399326208412 -6.811777741316488 -3.908050704985266 7.772736804126357e-05
2 2.2654476020828813 8.228370759071836 -4.793375453787673 8.644095398612247e-05
2 4.462156693714899 -8.1030069914381 7.130411618652186 4.868749496417794e-05
2 -7.190164048606745 8.797224348829282 4.986601669242901 3.937354723195088e-05
2 0.9865462520559394 4.662115179385578 8.294209280474213 8.46816464243615e-05
2 -4.665508792194745 -2.232497560766257 6.983497903982595 9.287472077427462e-05
2 9.60049956830769 -9.713703481653733 9.752821168058556 1.7504212460077157e-05
2 -4.689905337994183 -4.646938315764752 -0.1778861952860975 0.00011592851507473096
2 1.5156807923571396 -8.495559946130738 -4.420839848661794 5.1898139182631203e-05
2 3.4932176390551852 8.83715323411494 7.431489765327882 4.693185961673673e-05
2 3.210453376932348 -6.855944960732421 -3.7446707985989995 6.741466542927902e-05
2 -4.756188023052028 8.834453668461343 -1.6027131265666714 6.639072024703082e-05
2 -4.223952346485584 9.50921536777572 3.710222970108516 5.340707032130154e-05
2 5.518458199782071 8.997163693564875 -7.708752457496862 4.017954843547992e-05
