2 0.7691046354677518 -1.690618137647089 -0.16123066440479006 0.0004226397355799466
2 -3.374681608831556 -2.2650173819003436 0.675279819546013 0.0001442559917891953
2 1.0232359791569499 1.4184856832451977 0.30945616371722995 0.000448523163768047
2 -2.703262430799824 -1.9031918577202864 -0.8520942298775958 0.00019014717767127168
2 -0.5561149340582254 -0.8209106265049044 -3.442687080368535 0.00017742232900120128
2 -0.07357023507005778 3.418907370786698 -2.1776027694445648 0.00014781218721628825
2 1.0380637644428683 0.6986124525305639 -0.3800454562928306 0.0006459553411928415
2 1.002355123132193 -0.6350293645519263 -3.8754476425504323 0.0001478746927027555
2 2.65303425329519 -0.4591877597519445 -3.022068382102675 0.00014817868158730624
2 -1.754531050125515 -1.8296800667434137 -1.7380676338218568 0.0002203930019236272
2 -1.3254244878476098 2.3867558176329355 0.4527255835150603 0.0002543326419341442
2 0.5965184250198226 -2.9107793753538465 1.0012510681834659 0.00021438229209397308
2 -0.9748749896510542 2.3343366533010537 -0.3207344707962685 0.00028361807895205607
2 -1.7217226053611578 0.5804737843329741 -1.7473015506965806 0.0002879517183696917
2 -1.7246533555615606 -2.7827568555227282 2.336694448370416 0.00014958215387562979
2 -0.609558721636299 2.2645662694120805 -1.2948548723604878 0.00026565382768966445
2 -3.2714183804089325 -1.4462408687437684 -0.6855644434192993 0.0001732433477155959
2 3.92166312219363 -0.0988435349500314 -0.35959777683698135 0.00015431918445421924
2 2.5462789984293135 -1.3451716837590673 -2.2541484771840206 0.00017220076471327964
2 -1.5024359403446716 -1.3148367491263064 -0.3192065728210398 0.0003821053528065624
2 2.0403604436917258 2.5314246294689315 -1.83087365862355 0.0001672106951315054
2 -1.8499328088967264 1.7677032179553454 0.10411823125436648 0.00028203265238440495
2 -2.3978621888789404 1.270969528775959 2.7010104722509958 0.00016097758528654457
2 -0.0074494632426764795 -3.080525065315658 2.3968271185111147 0.0001564579611070399
2 -1.843146419871295 -0.33057627773485176 0.9426430033647186 0.0003650981513508428
2 -1.0769488811499004 0.7735748939443408 3.8516526467145766 0.00014675532386342754
2 -1.668874250064456 -2.991432941298772 -0.6550770659481957 0.00018443929440045692
2 -2.3147174763722806 2.419721637107025 0.31184453048182625 0.0001942649840669941
2 0.8707886422782023 3.14307183148082 -0.2520781960502734 0.0002020277237085727
2 2.122912032165061 0.4146972309281596 1.6050451391814278 0.00026373232811332387
2 2.1947404085999365 1.4872444988328386 2.1702597269977764 0.00018918685588737924
2 0.007801767191456754 1.712319277946479 2.219304498961529 0.00024997044810085717
2 -4.082686321684387 -0.351150927213316 -0.09315546539277708 0.00014538837768136512
2 -2.5175619727427208 0.3362523707907519 1.3147484545903367 0.00024325878042134874
2 -0.42955114054693366 -2.2861741704225134 -2.929496350724479 0.00016659870182074432
2 -1.565126976545081 -1.8680258563298096 1.3471013304106716 0.0002522184056816708
2 1.5050102044838995 -0.5666815670614036 3.752408641172453 0.0001462679162904136
2 0.9389827435648712 -1.114376006572412 0.044060402374400454 0.0005686286176141003
2 -3.0491962574293616 1.2999415366206062 1.8494281685261766 0.0001630575425164149
2 0.7267259882579689 2.7364456486216557 -1.9969603308205395 0.00018618632560647372
2 1.3445890067031554 -2.7602044873281812 -1.4802382401631875 0.00019059145213064232
2 0.6054187911002096 1.786680351794276 -2.5298991139898903 0.0002124565363069049
2 1.3867990347861294 -3.53976537102798 0.4657437751443325 0.00016090047684307399
2 0.16531548945077734 -0.8344885799959192 -2.015004655055122 0.0003459949353876099
2 -2.217056414842248 -1.3802441193427701 -2.156420995659327 0.00019233042023971553
2 -0.6647664414125036 1.4034174278481855 2.8070468805155224 0.00020764491342244173
2 -0.10685698500676288 1.8254229965780402 -2.1022087876343516 0.0002520202867040619
2 -0.9570943466737942 -0.43768731050473697 -1.8052861266659757 0.0003665935923983579
2 -0.5101568328259272 2.076810336310138 1.8728656749884998 0.00024527029599038033
2 2.312535305320699 -0.03192972096193447 0.7944363196057447 0.0002996386929860692
2 0.6041115682363483 -0.7223784239348907 2.5973002698202308 0.0002549054444700438
2 1.2873744689367728 0.8827621501964416 -1.3964061350867758 0.0003655440150531833
2 -0.7094382343460985 1.1177744500740125 -1.0957810044721672 0.0004669167220784781
2 2.051359950094649 -1.3993850860842518 1.7428602290855997 0.00022439783938129829
2 -1.8882836312002316 -1.7609138450583486 1.38697864242204 0.00023528327438521873
2 3.320081789622116 -2.1369491143747195 -0.270840264855261 0.0001532560274264995
2 1.6463817933176523 1.054457164489012 -0.1198464974567166 0.0003975381204466971
2 1.718835459378802 -1.055921953307112 1.5285426654050411 0.00028642759824353686
2 1.5104199405728984 0.11279360136030991 0.3706561287500776 0.0005249459811909052
2 -1.99170957965707 -1.0442701916908232 -1.8842279478286632 0.000234954836156296
2 -2.356746655578814 0.26439110669942867 -2.694777401362822 0.00017691625497751398
2 -0.6389576379500048 -2.608208450134618 2.985839902491005 0.0001499446654685023
2 -1.9850667736644847 -1.0152506166569677 2.893205968565109 0.00017250475536766813
2 -1.172112608863349 -2.35953755024365 -2.273556228102124 0.0001850140788953146
2 -0.5166725616305388 -0.9253517348724865 -2.6686482692904905 0.0002419514941205854
2 -3.3989283667350625 0.4269115294525614 1.4681893383696183 0.00016749945263150323
2 -2.7590638257758187 -0.8022192844258362 -2.9690842657341725 0.00014363649692735944
2 0.7240487213925606 2.2857014292273066 1.2763690415731714 0.00026078492209953563
2 0.485336224541542 -2.4734669243257876 1.3473591507617302 0.00024347662007475138
2 -0.8691696854131554 2.3321187413246722 1.46330838477581 0.0002401603141965851
2 -2.7644247949784684 -0.5231558109189312 2.6125643609775304 0.000160325591395713
2 0.36435216884052224 -0.9602359990562825 -2.147107566042931 0.00031038225167168837
2 1.343791100523812 -0.7432598472555632 -1.2399398190909405 0.0003937870235298929
2 0.7414420096832535 2.8020811664684784 0.004480799600200314 0.00023887601635357025
2 1.278979716445095 -0.2642281366774739 -0.21049666241136178 0.0006373511787749753
2 2.193850374448121 -1.6362814065675817 -1.3974344759861057 0.00022045386054427019
2 -2.63656143799793 -1.712818081078062 0.7066316292507286 0.0002063323254212386
2 -3.846175851758709 0.5664538387022873 0.6870499332471214 0.0001538203590366119
2 0.7636034492334929 0.982346247241094 -1.5722204344080035 0.0003861395922085814
2 -0.04536132429959672 2.0832174261949197 -1.6467916779216916 0.0002687257599622156
2 2.4920343531621647 -1.2965000854555515 2.772423242262456 0.00015388301345535885
2 -0.024324912613340466 -3.056350467933133 2.6801946780914845 0.0001472116382031964
2 -0.03226356508118311 2.78892045009915 0.013617563354015871 0.0002516611961627703
2 0.3845082264473625 -2.8766914159460084 -0.8779910493263023 0.0002245635818904322
2 3.1159743139734655 -0.16971853278299687 1.133245989428496 0.00019784785170428448
2 3.327122564696059 1.8818017556067002 -0.3128442127502926 0.00016058707808821668
2 1.3034063939447105 3.5380277435953644 -0.39404902663500074 0.00016335889667333514
2 0.2652231138383536 3.7995397549161973 1.2594280214157019 0.0001501772473082863
2 0.6172277044546384 -3.422394955414428 0.19641192739014368 0.00018477314156951918
2 -3.2340030156935287 -0.35905384816745656 0.717242503146295 0.00019684031619174314
2 1.3520308341847898 2.096440141341497 -0.11478110713748979 0.0002915224154283816
2 -0.6827476340895657 3.650373306099474 -1.0844428684563772 0.00015852726063202496
2 -0.9816066411548512 0.6404458197182574 -0.6605996604038991 0.000624898384175239
2 0.2874428667975275 -1.668342962695506 -0.7259442579256103 0.00042895568772885473
2 0.3494304410432356 -3.5541569490317872 -1.3784187410801012 0.00016102949805519087
2 -1.3418560793362904 1.298808318790421 2.3930243387226033 0.00022422769651157803
2 -0.1683986331068601 0.048104216496199115 3.252930432228646 0.00020321224953221556
2 1.7105832373973255 1.1947012819397882 2.871386669905064 0.00017982866598974592
2 0.9897803126587785 -2.942032875173644 0.4234037166982292 0.00021463275159034484
2 -0.18252455644109045 1.7613774451070752 2.357909267732352 0.00023333029894801946
2 2.4756183957492217 -0.42695014440577994 -3.247053645016736 0.00014503579147311096
2 -0.016723375067750013 -0.2653154946192524 -3.2211466569085525 0.00020547326847789732
2 -2.5570616702089923 1.5485424292164263 1.56079740367875 0.00019350683639868596
2 1.7422208398516785 -1.7186756758081243 -0.9304999869795902 0.0002738810501200055
2 3.0883722780184506 -0.33558800505192465 -1.9980343428279608 0.0001697202510681957
2 -2.1602415803766664 1.2486768700273458 -0.44246891376516917 0.0002859632754707575
2 -0.8868022882793989 2.500312568360717 -0.5506574204785597 0.0002616545090259603
2 -1.3750066436092423 -0.5659509883829177 1.6717996604875385 0.00033612499205517427
2 0.554340638151209 1.8433255599096317 1.2934791801100332 0.0003209843115889108
2 -2.0003640257643625 -1.9258831485505294 -2.94161691461301 0.00014830649162267048
2 -1.6158824831007719 -1.0643643710708623 1.3945978545057844 0.000309532822788644
2 -1.7170066107104276 -3.0027256272979876 0.03798038989724617 0.0001866119374916604
2 -3.2229092277173947 0.1957131094780955 -2.2937807576931837 0.00015308052860250887
2 -2.3286019106095233 -2.8555882901274394 -0.5010307124098352 0.00016805597484992676
2 -3.3002644779306984 1.8236643078970163 -1.0652847311238558 0.00015556295337765605
2 -2.7677032590888704 1.1523362978337062 -0.012271299752325326 0.00022809186327193628
2 0.8864391436255952 0.5488441001338993 -0.846392586400516 0.0006262592114195872
2 -0.857293767720658 -0.32788002012949313 2.212211951032324 0.0003078663653725139
2 2.8189014393065044 0.860321445205904 0.8512678781377367 0.00022097554220467872
2 1.292449502425134 -1.4403702593599177 -3.058335726024174 0.0001748296654318221
2 -1.3080118496010322 0.2151900624876779 -1.3593062178433657 0.0004132190675594158
2 -0.4543281358073532 -3.398145374230313 2.0325054217520293 0.00015165036070644358
2 1.0923706316606836 1.1538712971579086 -0.129159291999545 0.0005112383808056412
2 -0.655110401238526 -2.213035944325191 -1.2717235952301515 0.0002715454018239541
2 -2.8752127477452456 -2.9007685100003884 -0.2692585072493996 0.00014569337781965286
2 -0.9962688192027915 1.3041593526133504 -1.0870464131464446 0.0003950907812125329
2 -1.3638439324052873 3.0809880842175774 2.169314443320003 0.00015041950491041442
2 -3.134313609742353 -2.1282588968252822 1.4091595257612983 0.00014847353843514682
2 0.25520116552503413 2.4585437165982285 2.8485067432213977 0.00016461070874861095
2 0.7709746913831523 -2.14529089766258 -0.45259617135956587 0.0003200909107501232
2 0.22708311466103837 -1.5274696079470136 2.6296847135225487 0.00022279583200619096
2 -2.344955487613042 -1.8519259750380725 -1.9572281021380937 0.00017818704127120846
2 3.3629485416666416 -1.1514355183714389 1.7833879994394701 0.00015214685016916654
2 -2.7662811106822263 -0.8195422520544318 2.1609478973853715 0.00017585241681752559
2 -1.5631130452308875 -3.7994206687597707 -0.4307032025556148 0.00014368133063157734
2 -1.7976820140483123 1.6297911437566732 -0.7487249209225468 0.0002851785225165132
2 -1.7858390534069208 0.231128659840663 -0.9241647360821013 0.0003815956693131242
2 0.2643016262921005 0.8532038343333763 3.504324662835831 0.00017502770020324035
2 3.513547613302533 0.49887758968184137 -1.8580796446674999 0.0001505048052992848
2 0.9602538689619973 -2.0120977383243233 2.205909092613453 0.00021429604751217746
2 3.8682751367588484 -0.008584102519825443 -1.307762379603595 0.00014622078361378743
2 -1.1584154070686576 1.5490457148682584 1.8935377009867072 0.0002619949977306045
2 -0.7396908561864453 -1.3466684863821206 -2.0316791464765527 0.0002840214119650235
2 1.6052883561494404 2.3696744656852626 -2.5946713763167386 0.0001588639644188733
2 0.5125863560055413 1.1497914488773526 -1.5544945595986275 0.00038727000368973113
2 2.2060485183867655 -2.071842402762698 2.5835298477735495 0.00015201657010502356
2 0.6923221716265262 -1.422882911342584 0.19483175126595853 0.0005111792234538323
2 -0.42870055054159284 -0.5619940617730252 -0.9721680647722022 0.0007121235406377796
2 0.31265616322769585 -3.9179206499683343 0.9197190536474915 0.00014878471655254896
2 -1.656492902899911 1.9850229872460972 -2.17129076802253 0.00019319112474253455
2 2.9765509265663885 -0.96229538000199 -0.759000621888537 0.00020664754988818784
2 -1.1465143698169618 -3.8356611340616222 0.3872609004770142 0.00014959287647242983
