2 -0.8081099263443972 3.527851865116122 4.038009653356295 9.03470127602661e-05
2 2.8692649913496036 -2.754146770210405 -0.27302910056443697 0.00018195875477914486
2 3.9599386156458047 -3.5338638791620642 1.0537496154572832 0.00010922074415030403
2 3.398044409063993 4.2202794161483235 3.642631932284587 7.446567449483771e-05
2 2.848112534864468 1.1678582820167884 0.6851282317168463 0.00028015790189020104
2 -0.021395058521237686 -3.904323514608737 -0.9155239555435433 0.00014914545062974863
2 -1.0334781628316718 -0.22869561168193453 3.368592821903456 0.00016617289508933167
2 -4.283285515086409 -0.02208549126479209 2.5770294140020074 8.914815674177477e-05
2 -1.3374357690025875 -2.9186097214994016 3.241863203457724 0.00011507628837138795
2 -0.5786767197537519 3.978121539971972 1.560285610806881 0.00012984074274914256
2 1.561712884364348 -0.30989157088025676 2.334061113167902 0.00029205612726209904
2 4.268125170907489 -1.4510765577096705 -3.1397440100160443 0.00010739615422924488
2 2.3241541281689893 3.218176567161426 3.927809470896533 9.656941080209494e-05
2 -3.071451134673268 1.0463514760341388 0.8464000955508499 0.000152217472284083
2 2.5997946809294783 2.1010012525389286 1.0577882383657329 0.00022458396821493573
2 3.831862938792562 2.4056832716669696 -2.9148994293068062 0.00010977188257510831
2 4.185174584889649 -3.3865266490304378 0.9259435499451705 0.00010821999677474922
2 0.9691291395654016 0.8416645337890492 3.1328698576264804 0.00020638932746477878
2 1.0843978683480922 0.739409686940772 -2.20859156000991 0.00031847335573805674
2 3.027407115976379 0.705633530155203 4.031826342264059 0.00011770895506018134
2 1.5507733024469506 2.654699243895247 -3.676008597296645 0.0001223703850262367
2 -3.866267292817709 -3.17003020023631 3.907391307860876 6.354923993133477e-05
2 3.4148888235012738 3.2489002674528997 -0.2464614127111613 0.00013793829567038465
2 -0.9774586747323748 0.704058724096579 2.9460765841250334 0.00019007367680277595
2 3.5476504574590253 1.5753753830034993 4.285328321274382 9.466738467723591e-05
2 -1.3726873793949315 0.16218392786439217 -0.14175495297347496 0.0003604632110752043
2 -2.645636209012979 -2.2352464937234893 -2.811234469798144 0.00011147219828336677
2 -2.88387671060135 -2.68657544969197 -4.050130296135627 7.863168958448762e-05
2 3.1323478906438487 2.647400601042391 3.13068264088219 0.0001153731105317489
2 -3.600119563177309 3.227439439370025 2.5687385034455765 8.046270723668231e-05
2 -2.380141987678444 1.0645358104916465 -1.504761649917508 0.00017918383416550693
2 3.3450811141814203 -1.6657414322633604 3.0126438365579755 0.00013321383405926618
2 -1.1822849394479462 3.071280843507978 3.725599366986155 0.0001020311534636175
2 -1.7739477620638278 -2.422684143780189 -1.8433932036704568 0.0001580201580507687
2 0.3361347527713683 -0.6799632778413582 1.4191122488473402 0.0005243354130871833
2 -3.7509836338896863 -1.2580574329692822 3.5739659623353033 8.31798258723853e-05
2 2.6503102823724634 2.9788644276361174 -2.146506459227239 0.0001428446120644751
2 0.5662624893724528 -0.2985089252118227 -2.370418076011675 0.0003152110119262752
2 -1.4167906825100487 -2.4087246577863253 4.233832519013201 9.796150611574711e-05
2 -3.43450141260759 0.5658952562034427 0.6617157042364452 0.0001402543037688879
2 -1.7497758831032098 0.43938564542783354 0.17917940719590497 0.0002904686915964419
2 2.9603908412168325 0.6734904261260501 1.9783101822555818 0.00021816906491423094
2 -3.9166776661123204 -2.558296472315871 -2.5495298028988005 8.276357928056755e-05
2 0.304730900957332 0.49981344890524326 2.0052393380642783 0.0003741658785870877
2 -2.631476979697293 1.8229571647442828 1.503241794339048 0.00014827470446064986
2 -3.4253778226730196 -1.1880425921025437 3.4162548793782372 9.270150296260271e-05
2 -0.23180783941788263 -3.746823826246479 -3.5442363951660494 0.00010001687964157797
2 -1.0856532065509739 -2.579036446527725 -3.6822164956502124 0.00011418719436754113
2 -3.639259388150238 -4.099381493661378 -1.3646209866237222 7.670119839074847e-05
2 1.4070243228191641 2.519010569999087 3.8438045400541716 0.00012093458048151665
2 -2.008959922308158 0.3515990132679532 -4.263958644821989 0.00010601653578846265
2 -3.889572402287679 -1.5842245479480712 -2.354642056646023 9.523555764591983e-05
2 -2.0104725912426327 1.8143829121017259 -0.2029915766993886 0.0002049907180781685
2 1.4841220697997164 -2.2670132158330385 -2.6669003248731062 0.00017896858141178834
2 -1.557654190694584 2.313538684225416 0.02620958896944181 0.0002090333275735004
2 -2.4576982126786695 3.06375932053791 -2.3199432044238444 0.00010913320179576497
2 -1.3990982041539741 4.138598570899879 2.0138980297745466 0.0001061885988518918
2 -0.6111683268122947 -2.0283704746602873 -3.5172414593050885 0.00013913764541941334
2 2.186283682814654 -0.6330694379415593 -0.0277215000546418 0.00048180939723469624
2 -2.44688701245213 0.39990875498412315 -4.2977384016040645 9.70375358763792e-05
2 3.60808812114952 1.4492081530042729 -1.227783082667191 0.00018368178116739617
2 1.7541429439995788 4.037693914464275 -2.908862574196002 0.0001045367399254149
2 1.5344182428475763 2.411037006127156 3.3599673240481085 0.00014058957069630618
2 4.105703433674637 4.240683249528103 3.1167768026578777 7.274513277798385e-05
2 -4.051252649019898 -2.0992528787363365 3.031537101340458 7.913515138320039e-05
2 -1.5181408885496164 2.0264657378699926 -1.6802494353649768 0.0001913566711264393
2 0.19305645333568222 -0.4328343978436102 -2.7209522050866353 0.00025570274854886527
2 1.0964896235580452 -1.3902728177278751 1.0843236532815164 0.00044569460486464096
2 -1.8408899362388644 -1.7785810037267482 -1.9913762159740465 0.0001731558263643046
2 2.512324800975704 -4.246466948410263 -0.6012276773328886 0.00012010622329378107
2 0.1743949283620223 -0.049767181129930727 -3.038588979437881 0.00022378829179721046
2 3.0301422016866484 2.0892133512773396 -1.9326826281564085 0.00017045170247612096
2 0.6165202639952847 3.704627017859223 3.4814243614184877 0.00010497013853155886
2 0.05644739778908825 3.1077265440402657 -0.9642086687156888 0.00020195353415175185
2 0.5626713236131557 2.3015895289250015 4.015840496123336 0.00012207276978540987
2 -3.4112421161418283 3.004960203151967 -2.5835632941248785 8.66211217136325e-05
2 1.3962202465048046 -1.1983641198116528 -1.731384407100407 0.00034284957723581394
2 -1.725550716148844 -3.3011628102625634 1.8723665090716715 0.00012793196009684357
2 -3.6712979142566526 -3.733979334767497 2.7437882995918494 7.148835913749381e-05
2 -1.8308732909172343 -3.3968574457993506 1.6783500382481042 0.0001256213882853928
2 1.1229545344197698 -0.29449234726764306 -0.7017916557202515 0.000994994230133689
2 4.168904751490721 2.3021391864016705 0.6676715253671928 0.00013839877183657173
2 3.2699610109760773 3.4521611313746643 -2.6615216955076666 0.00010481175946739502
2 1.6820829338552459 -4.187302007884043 -0.22787580101904492 0.0001361111565603007
2 2.113795039788778 1.387072725629567 4.071062621615863 0.00012573485831685396
2 2.3090782257899907 3.9433619487273175 0.161748262465375 0.0001378553236684038
2 3.6129705109416186 1.214195152355047 -1.8532039437562053 0.00017073268940749273
2 2.698112328828424 1.3568455152784695 2.3578252674794458 0.0001930353615819981
2 3.023846484030427 -2.7663463588278896 3.0229941673882896 0.00011762314166632176
2 -3.9902487345827033 1.905627227148278 -1.848412106412598 9.541002393948644e-05
2 -0.22046724082093672 3.726788606769465 -2.3178084532936234 0.00012867729705239375
2 2.1072055476948126 -4.091795646752878 -0.5529445288143209 0.00013318722838770447
2 -0.08873976000743866 -2.391586687268764 -1.0829697280662716 0.0002637283438932589
2 -0.9368634699741452 -2.290678054880797 -2.2301892027269927 0.00018023777035979308
2 1.6195424435625831 -2.510547912666178 2.18638598199271 0.00018877771394206627
2 -2.315120719186157 2.309363323194497 1.6374934800862215 0.00014571373639927013
2 -1.993097448034272 -0.45066484877000246 1.1770098094946562 0.00023259975818196166
2 1.4251189911501676 -2.1767802341120603 1.772996345434679 0.00024125040956684413
2 1.4314762644365606 2.709480925210788 -2.085022446053861 0.00018577414420462707
2 -1.1446701129938774 -2.2593438997553004 1.9128278289409382 0.00018801429373761433
2 1.2378329157781875 4.0405138672924314 2.5573754167883838 0.00011457367253026388
2 -2.501873937136435 2.8057596544339143 3.3875298151610327 9.409507245597588e-05
2 -0.11641286297265996 -3.350930240766337 3.682128300706413 0.00010648801207200145
2 -2.9838686880007357 0.7352489371294926 -2.3993561210461554 0.00012966278307398327
2 -3.473461133629642 -2.6271228022273228 2.496747582958439 9.153835260690933e-05
2 0.3978084814926772 3.380512553248753 -0.9587115856237469 0.0001845894133572952
2 -1.2114227933873316 3.3098412962356107 2.493381384098022 0.00012532588409559092
2 -3.160572095126409 2.1356485604582316 0.9262970560187487 0.00012732725536665837
2 1.8726932512514463 3.205503289650043 -3.792864691400736 0.00010396714256498234
2 2.961709620878607 4.264976640025821 0.9865195528432258 0.00010955065258729663
2 -2.150863092968238 -0.5083411486014553 3.281409011244982 0.00013371603937962356
2 -3.8195389602609366 3.0445051777553918 2.4792239408300194 7.978922203384295e-05
2 2.7658851094797754 2.814620794405754 -2.0138445612881952 0.0001495029628771974
2 1.7915459278162436 -0.4311809443539216 3.889625697733016 0.00014864933728291063
2 -2.069316012719728 0.9962194663612447 -3.473410834491777 0.0001257561179387641
2 1.8128504150991862 2.9720485314103504 2.2241559389209637 0.00015947898916221503
2 -3.791607652714854 -1.14281586096694 4.028621741854287 7.630875917640292e-05
2 -1.1949916609773585 -0.09092319313211927 -1.4056596582741387 0.0003176071656285154
2 1.1600489585357199 -0.24069908098957704 -3.194346858353925 0.00020778042154813783
2 2.8365951142468653 -2.11486527479268 -3.1497217607468584 0.0001330299097367718
2 -3.012560267616328 -3.4906978069960255 -3.4680090332582107 7.582796454151317e-05
2 1.2228641198789427 1.0307868860348535 2.4628674337215264 0.00026355729108405723
2 1.2647374833685854 -4.026483902775348 -3.1274326011343145 0.00010327348815570257
2 1.2976132772684696 -0.22182738653421463 -2.5091389319173247 0.0002812633710011468
2 -4.077465299507096 3.549246126377337 -0.7707319749924277 7.943235848675671e-05
2 -3.9470898100644187 -2.770199438079815 -2.7401055853480996 7.800004388126142e-05
2 1.5965830258395561 0.018704423733503006 3.391882595152067 0.0001846186783996638
2 0.1280748586141076 -2.3064800314065073 -0.43013836203848044 0.00031259791823265437
2 3.735455527809134 -0.07302515206830051 0.1840544217201101 0.0002191342413822156
2 -1.9827533067310323 2.464795237788194 0.9340611017282088 0.00016802159783080653
2 -1.8186507116088135 1.2282318479408572 -2.749382402448589 0.00015782167578716477
2 4.02905384241022 -1.5221780354845627 -3.8807519007474998 9.583818547895424e-05
2 4.262505057741078 -1.7796459839530128 -0.13677095293158015 0.00015027248846281177
2 -1.981447537914014 -3.6694084126214332 2.760775049017293 9.778195364607868e-05
2 -1.604832905974717 -1.1737372100483534 -0.27202270456316047 0.00027826604432511226
2 0.9573304586224172 -1.6596051066636397 2.829393672919557 0.00020328851479487972
2 -4.213313489696213 -1.1953205636234223 -2.30162941961862 9.063863238657592e-05
2 4.124002353701907 3.4192874720646724 3.953336836457834 7.315680972398188e-05
2 1.606993223765996 -2.6319737185465053 3.100147835748275 0.000143230021147564
2 -3.868350827084404 -0.12843095481836553 -0.45670714863644246 0.00012328499995980027
2 -1.0438792566819304 1.605168550592313 -0.5882958412332755 0.00030580629966388967
2 3.1140432701202467 -1.1123589712525153 -1.5517092870536642 0.00021776265681532764
2 2.1420225028923126 -3.1330554541025966 1.1707601708180606 0.00017419240934177585
2 1.1784647355859983 -2.147910330035127 3.7774404507038524 0.0001333137246550993
2 -1.4324585638116805 1.8295115655456309 -3.2113834921557602 0.00013917297601340542
2 -3.0123920619387974 2.663295517100355 2.195633936827531 0.00010573993859279082
2 0.0752277521367466 -0.710332281067156 -2.4488694630412406 0.0002795346809007053
2 2.4077637032026873 0.28117616108271726 2.732864480028418 0.00020539000756043813
2 -3.651720773532984 -0.5484842866367505 2.3795543730479967 0.00010830365495501093
2 2.8262819069153178 -1.7381178186280506 3.1184355813315054 0.00014279462185942324
2 -2.0630036932756113 3.8794535428457086 -4.263623262219532 7.103520404183432e-05
2 1.8545284178283659 -1.982052019665693 -2.1594041300803575 0.00021432687931903158
2 -3.0441270168151813 0.016274270062641705 -1.6987846449497437 0.00014645264167721314
2 -3.4638486373365316 -2.1171327738022008 3.959522102887008 7.670627663712397e-05
2 2.4045410318916867 3.319740569619487 3.9279930417246876 9.397932958527325e-05
2 4.193863829080768 3.392628045840423 0.5895651858638047 0.0001096697904817423
2 0.7121718763715759 -1.3489713711750375 3.2990637307816195 0.0001814978999821193
2 1.2937816283341759 -1.459679579943495 2.9581144544642326 0.00019752749144825651
2 -0.4811041729928278 -1.6464401336773253 2.988580421689764 0.00017881681236204053
2 -0.5250421528192959 -1.4715112220271087 -1.826627214356436 0.00027668938614506394
2 1.3101352170501963 -0.9521461282716293 0.2848093214707923 0.0007234451018515373
2 -1.994135426712694 -2.780343613439789 0.0979540744094809 0.00016093607109447794
2 0.5588140781524702 -3.9319174370716103 0.09489864325360742 0.00015687885987871256
2 -3.414145192792829 -4.143610117847989 3.3128679494350557 6.498010098462091e-05
2 -3.9422614676954875 0.2780054527852647 3.587475854879594 8.247235136914222e-05
2 3.056365079949966 2.9294122370432403 0.9652315220445242 0.000157688730115145
2 -4.286272590567521 -3.2773814274908974 1.1785575913457533 7.757322956006805e-05
2 1.7562949302982398 -1.0715367789951316 1.4484534858785336 0.0003659217937816081
2 -1.5135171890218384 2.883351941421652 4.022850027982336 9.463180394503161e-05
2 2.7852548497245326 0.6025701079398367 0.2055335889881853 0.0003370955939596687
2 3.0653131979224115 -3.140154673765917 -3.0320621520597606 0.00010817850380245506
2 2.572850468971274 2.819602394634537 3.168893398554565 0.00012085515235966612
2 -0.9193335447323183 1.2090154724302344 3.4707874141311894 0.00015266195792191378
2 1.6838761398707147 -2.4543280885763608 -3.25591046780518 0.0001417366498645961
2 -2.27969388674023 3.8395886128371375 -2.0959388865871817 9.854238678894296e-05
2 -3.4241752340203444 3.403983387633172 1.2379737761059912 9.26304271535415e-05
2 -3.3493396158556488 3.833725356640042 -3.840729100046968 6.396561036006027e-05
2 -1.6260345944367964 -3.0133305143948914 -3.6727972752162352 9.863845291089267e-05
2 3.3940799280191998 0.09499338633947474 0.3473266783714912 0.0002545198085005841
2 -0.7716161989142165 2.553626264578913 1.5438051824752712 0.00020131814103759374
2 3.094062438184922 0.24404030536817434 1.3811738364299702 0.0002493610841749379
2 3.3252997659199623 -1.7998708841760305 -0.08075788585326027 0.0002075024935748078
2 1.897248229530783 2.958763070750898 2.408602793596218 0.00015214624614526273
2 -2.272972137772928 3.811725853720131 -2.6764006606967783 9.16689750322143e-05
2 2.2354152342324296 -0.3016097939623523 -2.303044250443641 0.00025187358395992523
2 -2.272704439367978 -2.6042356878956543 1.8800908760097261 0.00013367912606618293
2 -3.9169790306471075 -4.125530230569321 -1.9832443386873253 6.889538606429275e-05
2 -0.04109202477440199 -3.0225403001049633 0.5877890903723006 0.0002157517670018684
2 -0.034873443601553866 1.5253457606440017 3.1650924048583864 0.00018019402975101226
2 -3.6996626546263007 -3.2534080414518955 -0.8521278885126389 9.122037936382804e-05
2 1.1057965788396142 3.92086680355695 -3.0082697609896023 0.00010920447183682472
2 4.216992382982311 3.1998618953938998 2.647974878455365 9.26515016528278e-05
2 1.93597020717566 3.934706682772691 1.8981396423105048 0.00012528440481425138
2 -2.404175816968543 -3.733870229455767 -3.363285651764657 8.173399727139617e-05
2 2.409760913360051 -1.7604831533516805 0.7901547995584126 0.00027734321939108103
2 2.2796174591630036 3.930296631255769 -3.3919748010466173 9.377020553160212e-05
2 3.9154427856017913 0.9486531929937962 -3.194249751566274 0.00012024138138671744
2 1.4561806784226938 2.531675903246353 -0.3992284963662125 0.0002690897853318275
2 -0.18753743668407452 2.196462143186392 -2.410874786796054 0.00019670784520805368
2 -4.20261925077743 2.7667488288567013 -0.9932799206273044 8.636998115170436e-05
2 4.106581501715964 1.7544595667229768 0.32712450340005095 0.00015836902113394724
2 -3.022298982565213 -0.5489474709671542 -3.548062397013469 0.00010232966458917359
2 0.9643608349641957 3.8146221696292715 2.971330120461067 0.00011351526973810491
2 3.423056739935994 -1.4617563728797984 -0.5717352004548406 0.00021085292060787908
2 -0.575656148671853 -1.6750181017546764 -2.209525703251775 0.0002274616550898903
2 3.8048716454796887 1.2753708956306022 3.5311328418277625 0.00011109588489154054
2 -1.967412426849592 1.959315333813997 1.0501631096954949 0.00018847518539305552
2 1.7141736392702063 3.819535909281254 1.326951839851227 0.0001430418063376876
2 0.09587454532564443 -1.0143954565445226 0.8531779156102335 0.000598816723206913
2 -2.69860756246451 -1.209730236846661 3.433230716634001 0.00010888281812295938
2 2.4232723668673586 3.6981089518024657 2.2208952516834017 0.00012059620002675617
2 -1.4183017956786172 0.44862066740536743 0.7934216144718089 0.00032328151618986334
2 3.509957691875374 -3.628842531348665 -2.063527116925925 0.00010564421901460876
2 1.0897293175576053 -0.9045277804238383 -2.148252150840806 0.000317974503260772
2 0.009297102523863288 1.327271346691993 -0.015613861959881348 0.0005785779872037808
2 2.500588183294166 0.7348051294555438 3.83057879261077 0.0001360534069896474
2 -1.2248629041457546 -4.020095520041051 2.8281958406721905 9.895422546491763e-05
2 3.7827418742491963 -3.2116968269158352 -3.3954619289819883 8.851230618904526e-05
2 -1.1076189181516205 4.129516433337673 -2.774782165756422 9.84877217326454e-05
2 -3.77359684767664 -3.745773452645929 -1.4793401325224171 7.904020621857938e-05
2 -2.443275197434579 1.9155035702481698 0.9806672389721758 0.000164476027913453
2 4.133836113087702 3.579501325120729 -2.4302731294838607 9.042484338233833e-05
2 1.5194779531427063 -1.2082966189494995 2.842421966653892 0.00021084639830813365
2 -1.2727654768815144 0.9994799264525671 0.6576024714779489 0.0003255261985714297
2 2.3093537109876685 -1.5168329983426312 1.6660657442587405 0.0002534198697322944
2 -1.1197477686565804 -2.6940574049003065 -0.2424849549769208 0.00020707905742798488
2 -4.236423392429069 -3.1664533578344733 2.1973472182744365 7.366729047809939e-05
2 0.9326004425129542 2.5085976520639743 1.4631701666612926 0.00024093696043623464
2 1.628981963320741 3.16777922392398 -2.0120126924709916 0.0001602341641067026
2 4.197147960658966 3.0226975150653006 -1.4868264462826457 0.00011145753477346046
2 2.6758490212689514 -2.5714990718009325 0.5093311111466345 0.0002006672684207421
2 -2.837621527788067 1.136351326501762 2.0025979994522336 0.00014098687788395223
2 -1.4581577619490562 0.04585139343424771 -1.9866288300589443 0.00023893492291018545
2 -3.0657230298370566 -2.7151112716867765 1.500432169418234 0.00011246859838155016
2 1.9984175907205524 0.016929619470697155 -2.116209347090448 0.0002933370378119665
2 1.2519807138822499 -1.6703215856753837 3.320567027787817 0.00016747340774001668
2 -3.851385815602838 0.8193821536286476 -1.4955445472038709 0.00011287220580578558
2 -2.588949144741406 2.738938207028636 -2.485641958801809 0.00010999092228036744
2 1.507916234657512 3.830312339542668 0.880174325686955 0.00015170853174774693
2 0.6065790234324897 2.670004896358181 -4.20596973549476 0.00010849808798886126
2 -3.086839299571251 -1.3175151187962735 -2.3180296521847445 0.00012213178428274046
2 -2.5440143277466962 -0.8736579734002676 -2.448774162588326 0.00014444946683183843
2 2.043703488662687 4.286019478438882 1.36617526265373 0.0001187929666346399
2 0.7543551895216023 3.137302036240089 2.526416691945556 0.0001513437868914183
2 3.942309773727513 4.147513930213587 0.0937678499203356 9.796114632725124e-05
2 3.04372708603037 -1.7288133835789226 1.240729464966897 0.00020990543349013943
2 -2.6739200174850293 -0.5473487893204148 4.149623978622244 9.598871061679455e-05
2 1.3584901215372138 -4.167604088952049 1.628986429955611 0.00012634399880297187
2 1.0889044035052695 -2.683971880025934 4.282466185028418 0.00010536023303962458
2 3.2657650346442653 -2.554818493256808 -3.2280033521920966 0.00011216474609544724
2 1.4034442315717115 -3.585328059797671 -3.2122189936703833 0.00011251248351166684
2 -0.33798833348427104 3.808367546002656 -2.4431643698863077 0.00012185221352269127
2 1.40912054090684 2.1833320184860208 2.4366450051922914 0.00019767909060032507
2 -0.5776124023479827 -1.5628040413923663 -1.2483338760817309 0.0003196351736693137
2 2.2505034079321566 2.5218967751953256 3.898444504501046 0.00011104691203480885
2 1.4547281959253624 1.1699149952527241 0.10004666363466264 0.0005901682338204928
2 -3.858743184065136 0.48614157428646276 0.7398082602627376 0.00012121079946821045
2 0.26043095695667073 -1.3307675229395528 -3.1897516215837443 0.00018799649620616227
2 -2.8742417048222326 -0.9031481230521057 0.8701458470097929 0.00016521535225503398
2 -3.5387150908230343 -0.19212912768475032 -0.6622006143546049 0.00013679387307284976
2 -3.777344423864609 -0.190413341708223 -2.097617409901998 0.00010973777249806763
2 0.8112772413006804 -1.7834110779896508 -2.1560311540872092 0.0002546425666052586
2 2.0287388770207917 2.4013529157702775 1.647655477008736 0.00020925528659515233
2 4.144385018624223 -3.1396705078032507 -1.1170786332918445 0.00011380806152907
2 3.6657252508279763 0.637117415013627 1.6844917572597744 0.00018383376043604183
2 -1.4793677910133067 -2.157725165191584 2.3978344239575007 0.00015993327516228978
2 4.29951576783236 -1.6322318827622588 4.2807482420394605 8.257440551120293e-05
2 3.814900083505015 2.3351513626978733 -3.703616519273732 9.47906789945975e-05
2 3.076424054234006 -0.2582854057048758 3.2558299446035317 0.00014870472492052936
2 3.216763501487991 -2.155768648422794 0.6364732986106052 0.0001920071695090085
2 -0.061925218777887814 -4.244051153800218 -1.3195913279083218 0.0001275116229166942
2 -0.33834453566760647 2.4348629133984048 -0.7951448320427765 0.00026089023572641035
2 -2.8920409159726415 0.1728761462546995 -1.9073430897226795 0.00014878354128389226
2 2.589443197403023 4.031772317979088 0.7678958154347182 0.00012582879621778065
2 -3.5410036849406246 -2.1054286684575994 -0.7301448445618979 0.0001156133222665022
2 -1.7477444756436475 0.7649759571763388 -3.284356002123973 0.00014428016910850855
2 0.7480826396542284 0.8444422675239718 1.81909852601623 0.000395018270952667
2 1.8869680354389011 2.1999302295639858 -1.7225758843474872 0.00022541848552821986
2 -3.335631792637414 0.554767956684266 -2.259206606691865 0.00012092612827442964
2 1.368007486507306 2.963461494449499 1.5066678303715832 0.00019417155315330087
2 3.3746208459184412 2.4518249557569085 2.040613303291341 0.00014188033214951323
2 1.1012317848277284 -2.4906893057209594 -3.7380151894682796 0.00012704828423076506
2 -2.489342654843968 2.4550602675660205 -3.2384888735857906 0.00010257399853163401
2 2.1407971551582934 -1.8875889898965146 -2.4701575696068128 0.00019006097665319813
2 1.0614308391786418 -4.124949787639024 1.381753361694023 0.00013368224862284062
2 -1.8729605565281093 4.023667628501404 -1.8266485736225002 0.00010434029231697409
2 0.8033173981501252 0.5260389672780699 -3.6059361922062783 0.00017553355580401248
2 2.6336699275865874 -1.5868578007494465 0.951112087476143 0.0002633440736837904
2 1.1876431306659185 3.862825083253738 2.95493211502915 0.00011174561690337897
2 3.820415172794676 -1.5431133949269698 -2.795851964542827 0.0001272564620030496
2 -4.0856318706811035 2.303409341906078 -3.262572341216405 7.430159401605567e-05
2 -1.6739837540125486 -3.0185159935936117 -1.5335719949753588 0.00014599315499731758
2 1.7254489553469732 1.4653800457897042 -1.414054565516313 0.0003286094548579366
2 -1.5984985387735064 -0.00698928728569026 -1.973531814053127 0.0002284069851851353
2 2.545995618129626 -2.9846723887720064 3.765301297173255 0.00010224763941967842
2 0.04171868444479454 -0.23539127193592613 1.7591051135462665 0.00042973988223430487
