2 -1.2726552649050884 1.5150281294242625 1.3186863808952722 0.00031077316647745435
2 4.452037749369053 -4.606107512474825 1.2886411480194813 6.726222168518726e-05
2 -1.2768112763748567 -2.5453717845033723 -3.5197046845454016 0.00012475872867360243
2 0.8578859132152319 2.047191183370252 4.347220038191995 0.00011071359904009082
2 4.094599910773701 -3.215964907114206 -2.1356783523177927 8.747405532644917e-05
2 1.3067984079415238 -2.3302963501180267 -4.118583258693281 0.00010969265296370914
2 -3.6090585654385023 2.8794124981661327 -2.323476959144235 0.00010086361763042886
2 -0.9745590151149459 -4.816314134116431 -3.855812323257772 7.294720894889384e-05
2 -0.7732204994339593 -3.124720647379878 0.22296442381454362 0.0002059577479826179
2 4.523272509457479 1.498081113660965 0.6699950554952556 0.00011328687134129485
2 -1.9113691020147257 -0.6095911397142908 0.18405025318417056 0.0003838239604718484
2 5.121133397381774 5.248106884228097 -2.07339902867558 5.0356576437224515e-05
2 -3.431220922386963 4.93608217201945 -3.8321157221875106 5.723419497206855e-05
2 4.129718220048577 0.27916634672347396 -0.550901070210049 0.00014134953160734688
2 -2.0677497837838654 4.217570246263126 -3.186851646875778 8.619788600943051e-05
2 -3.131708656268288 0.42541686777769616 -2.4439118249396676 0.0001511060605140859
2 5.159123053866667 3.5472518431675137 1.1937583442254986 7.035506548694055e-05
2 -3.8916446038575607 -2.311209452416814 -1.9120194336869551 0.000109539830755453
2 -3.4952641299118445 -1.871465962267274 -3.721304667637715 9.270529193060492e-05
2 3.657857389580446 -2.664938896935726 -2.583193723188985 9.951487783913654e-05
2 -3.747060833647749 -3.7046699961733074 4.656177744014526 5.873667333774096e-05
2 -1.8119360999377374 3.0277430660641738 3.890449792835838 9.822665101820863e-05
2 -0.09175844631684438 2.1277469923428862 -5.296376657397727 8.536459279662703e-05
2 4.621288814832777 -2.6601276015607085 3.121429455702609 7.436787748640099e-05
2 -0.509691355015006 -0.6865850579318051 -5.294445464186496 9.487352227678868e-05
2 -0.38776300830896027 -1.3783017053867388 -4.347333834253722 0.00012264251254984364
2 4.266987735870259 -1.6977788386342976 1.3832701855889926 0.00011387789253668659
2 -2.730485010507685 -4.626233212393952 4.873493446221909 5.5388610614520656e-05
2 -1.7355925223980155 -0.30949396305166843 3.83121616624671 0.00013922251401788998
2 -4.3255488543580825 0.6458415045866879 -0.5854827403433314 0.00012985923488353587
2 0.6994817521080705 2.11077315879459 1.6434880793571285 0.000254615107413073
2 2.179941038088451 -0.296984831044802 -0.3145689831061098 0.0003390140698292378
2 3.982699215030186 -2.2695016592528194 -2.111036555021182 0.00010488800965872998
2 -3.3474163453098504 4.724236406201234 2.449986531317844 7.210389777858861e-05
2 -4.2386830790159316 -0.9444928864028679 -3.953087476019893 8.129936653177628e-05
2 4.24652293607102 2.990908568225631 1.0311721755108012 9.690004440862803e-05
2 -3.856017517494158 -3.5791352513342156 1.0156189682031176 9.501636751571259e-05
2 -0.4552875739224165 2.387259539075088 -3.2178084475664104 0.0001490128269820136
2 -1.6180792796759293 4.118666084773309 3.7026532657220628 8.381237860095902e-05
2 4.047789432808635 -0.14181932339655923 -5.273681991613946 6.515170212818936e-05
2 -0.4545280527897937 -2.524226070968575 -0.05901577343531628 0.0002813552824603851
2 -3.505719352419624 2.687328704093842 4.282730097537822 7.49282574557836e-05
2 2.1934822883702667 2.529489953374636 2.6511229745712974 0.0001365752312119916
2 -1.9477289821134742 -1.9011584212457007 -2.8249535423261394 0.00015529109173427518
2 -5.035131167408078 3.392174118594724 2.741835577045162 6.493567160908912e-05
2 1.138815807082886 -4.570494156692231 -5.242298841278649 5.848877510145493e-05
2 -1.5941647263270005 4.093894300495437 -4.767822659620075 6.822502156925314e-05
2 -3.6418637005526504 -2.0307887584772795 -2.457104010225099 0.00011223310893424152
2 3.2501916872486802 -3.4695246488857294 -3.068694268372644 8.666054859095015e-05
2 -3.4569395788860655 -0.9751889030559093 -3.753004604252167 0.00010002654738330888
2 -2.1133532905203225 4.396946533865437 -4.818966922119751 6.155909570356371e-05
2 4.937992934992236 -1.6991214103254495 -2.2015543185878714 8.643147624361948e-05
2 4.686575631789021 -0.24565892658280575 -2.299961951618163 9.903467443076208e-05
2 -1.5190925227930734 3.107512612556704 -3.3409713369048517 0.00011339184644735093
2 2.696102088280975 -5.010403435149251 0.10351484714500003 8.582371012987836e-05
2 5.234333087500714 -0.9220793996210883 -2.0136010486284293 8.600723041044541e-05
2 -5.3864168628256275 5.242454187537405 3.431714460043789 4.2856268651634634e-05
2 -2.079705148163274 3.6565540057785846 0.48957110965558126 0.00013833809937654308
2 -5.095013447418446 -4.412095540553033 5.326708896679147 3.956518945475459e-05
2 4.218522840922448 2.955233850513455 -1.196063984385237 9.713576645959886e-05
2 4.7921843570276685 5.025348683209922 4.475602552370413 4.287113790768591e-05
2 -3.2825184641951006 -3.92534645392183 4.5704636700606684 6.149767933798807e-05
2 -3.3045657296880067 1.0855121338142917 -1.1305979978023188 0.0001721769962320715
2 2.49825351245853 -2.0947694781968673 2.7616007158493083 0.00013647405284117516
2 1.1049435344978846 -3.8139564144706286 5.394827977302031 6.427908269099524e-05
2 -2.855795087804263 1.4881118250084802 -2.107885530958346 0.00015974841104350517
2 -3.551175601726307 2.4596386041671767 1.3375298306458436 0.00012498708817917627
2 5.168380585636031 1.1044824082707434 -0.5829198452538344 9.62439217370722e-05
2 1.152790716958945 -0.7567023095833658 4.43992954405803 0.00011965768607880443
2 -4.888957299445795 -0.3216886626361166 -0.7486447927023034 0.00010801082832795205
2 1.0824822509651746 -4.886290448062645 -3.4141566588007333 7.699321904470815e-05
2 0.34148041779156557 0.29607555212016035 3.82137942004829 0.00015979645170416862
2 -4.0090658897196905 3.0603545039185285 4.369930142906549 6.472496246154525e-05
2 5.024515797007217 1.9938842089664073 5.337014026483525 5.0665200621022254e-05
2 2.140139516411434 -3.1089077302599564 -2.0237361432006944 0.0001359870608091873
2 2.2099881626038167 -3.9789998338429986 -4.033726449962141 7.64742674749321e-05
2 -3.998415892449639 1.5081855268692825 1.5618044661097885 0.0001237956488938631
2 5.216653133280889 0.6936701550935043 1.8590368630570087 8.871083946622565e-05
2 2.8291734032466778 0.4507708854250625 -0.45642629017494674 0.00023859892125084131
2 2.4966729286474356 2.8028705834748955 2.939170923244058 0.00011497683902193154
2 -3.7293247639278526 0.1892989722093601 5.29126701166417 6.83608265946817e-05
2 -1.6193895219931833 -2.318507015832687 -2.5399146069730616 0.00016271428855132433
2 4.71586084138397 4.648313515312017 -5.009806929495308 4.243192381201663e-05
2 3.623980174189377 -5.0493694472294415 -3.8304776441017303 5.4700420408187105e-05
2 4.686637470131819 4.830629422732667 4.591337703421358 4.4094663215247865e-05
2 -1.5840241425412933 -5.327440033359244 -2.129112711930909 7.942333954591703e-05
2 5.067075862462145 1.922560714737581 -2.6069907295224906 7.799360252738998e-05
2 3.8681871463286335 -3.1330776152134265 -0.550699328197056 0.0001062027512738655
2 1.268205815357998 2.1562544773757963 2.0960464034945394 0.00020268881274010042
2 2.01710757428022 2.077511566025862 -0.4506545212400699 0.00023532586523533302
2 -2.4826854339984123 -3.6896909068389174 -2.4268587339175602 0.00010422666261858386
2 0.1680638131837089 -4.694869937102462 1.7958828016108592 0.00010547476762963149
2 -0.7155559021060025 0.45347998352757113 -5.2645873275532935 9.57878616503945e-05
2 2.9718035005684147 -4.618834727714752 3.8813106577708627 6.38104731721009e-05
2 -5.004184316169193 -0.6472958860961668 2.5731025790506727 8.651412229757672e-05
2 0.5703558470019567 -2.111645612308863 2.0553387225836577 0.00022773387215681127
2 1.035307439904381 0.7559154623531024 5.1387434381754 9.687665729448066e-05
2 -1.3215745237386374 1.6069257418736305 2.371312703240511 0.00021256450304847844
2 4.872856718314527 2.3705644026328967 2.489321514192808 7.915604226690746e-05
2 0.8998891095847954 4.661283504053612 -2.2303098624746323 9.844624327690781e-05
