2 2.353073368637302 -2.542808169512924 -4.040180985584159 1.9609809341178374e-05
2 -3.4689822192587276 2.4620094354063395 -0.4067430440202964 -5.94888058816502e-05
2 -4.53919179337442 -1.3844503033783382 -0.31517023432733815 -5.5719881568479606e-05
2 1.9169335013626325 3.556702407847717 3.2667366040923014 1.723842100472862e-05
2 0.7605413946263218 3.0272441804306744 0.6806193492904189 3.121966230807189e-05
2 -3.0987156836371907 -0.66332647998364 3.2048748491707864 -4.4490718120105254e-05
2 3.8948438423290304 -1.226718062060749 0.7044792974870457 7.444177170063958e-05
2 -3.6973466424841934 1.1408859732190892 -4.408446922847388 -2.2531144930670043e-05
2 2.8942749213193393 3.192796810197648 2.865344272019202 2.6505442804157935e-05
2 -2.903673277649575 4.120656169377491 3.294839185413907 -1.615716480148328e-05
2 3.8882464585338044 -2.4078357688506773 -3.53375420726133 2.4914443483258254e-05
2 -2.111957845035747 2.7344690411196195 -4.44603364394249 -1.4626332792918794e-05
2 -1.6463121490816657 -1.9490748595947998 -0.8809125855494009 -0.0001157726011833394
2 -2.6383663230417778 4.237910379184128 0.7129843109012226 -2.623715766512277e-05
2 3.2538450852388614 4.5060392521527595 -4.341333789506571 1.0658286405645797e-05
2 0.645357935675996 2.2651328954790166 -3.126201878135445 1.4172405022175943e-05
2 3.102458784439622 0.11769641249557328 2.595642225607677 6.305741063370452e-05
2 1.9563925955492447 0.21394063944022523 -2.043600257836489 0.00011934918379404879
2 0.9056109286159888 2.567749604560256 -2.9253226976524127 1.866311081029744e-05
2 3.048569079601802 3.0666559992245963 -2.799954804899456 2.83655829811949e-05
2 0.7123087750319383 -2.96555047576181 2.1609555808488565 1.8051535171352367e-05
2 1.4438804190593553 -1.9854608985711741 -3.651230745331193 2.2059959599002554e-05
2 -0.39194083429426296 -1.3368782300430326 4.44802517841874 -4.968029002431112e-06
2 -0.2198073429425227 -2.9295069669546887 1.0242310632631355 -9.736668807932584e-06
2 1.5959223716446234 -0.8807697550314022 0.9064977066791657 0.00027315609055549863
2 3.3183889813599476 -0.8701729336452915 -0.5168446384332199 0.00011185531984396768
2 -4.15318015085182 1.4850453404930377 -2.439445323135249 -4.189917185684757e-05
2 0.7091666896842561 -1.0238619291209545 -2.2110505499060342 5.817195788979756e-05
2 -0.17389754339019614 -2.4028024790113744 0.723218241341713 -1.4521521487571216e-05
2 0.9836985210431113 -1.0159813515475946 2.286452340585952 6.835671056923439e-05
2 -1.4545720982447459 1.0852864375281168 -2.2020509957491856 -8.54798920699235e-05
2 0.9958799172030437 -1.1077606456337357 -4.335442648882429 1.3331163968266673e-05
2 1.373300364255174 3.9384610850779653 0.12314940938943852 2.4788523079161336e-05
2 1.2474343103720509 -3.428646147347228 -0.5196124421782811 3.316668189835523e-05
2 4.1137367309391 2.8783099139160466 -2.981159441146048 2.551065731618695e-05
2 -0.9783918854863742 -3.094962916895153 2.4513675920734883 -1.908466508878426e-05
2 -3.6523725261012525 -0.7302457553516732 -4.10350234200378 -2.6852390017616747e-05
2 2.8754840127557593 -3.6626579551100615 0.5740222573950842 3.617903177621107e-05
2 1.9588349938485088 -0.07309062822598822 -3.2770472884174655 4.70153890070486e-05
2 0.1404150131533255 3.8983500480139677 -2.1436143068358904 2.060770673376615e-06
2 -4.044514023483827 -2.743559700097425 -2.231207035646969 -3.303295959979671e-05
2 -3.586198023879048 -0.4799110659758732 2.668354302643203 -5.223996179535274e-05
2 -3.476815009563727 3.1265163530310467 -4.131287981791523 -1.7229189114635065e-05
2 0.217027447946176 -0.40971208461103714 1.8554642456736943 4.001607415065925e-05
2 0.9992786203988357 -3.7561629129631435 -2.805180320149829 1.1606072666987674e-05
2 -1.43443048808544 0.15819634811729255 -3.8909728776124672 -2.63521558338524e-05
2 2.5881370341485725 -1.5449879302790412 3.7811222309457735 2.9470620952781538e-05
2 0.9382595853867519 -2.6237236666144836 1.7359072937956945 3.5510851289434944e-05
2 -1.2296458717186023 -2.7706486417352467 -0.0321332306798654 -5.9667003300659086e-05
2 -3.061800747457861 -2.647976453772417 -2.629546140002316 -3.519604036208323e-05
2 -1.444860239971372 2.1804030259329883 -3.3159287591774382 -2.51188941469078e-05
2 0.28917503430429914 -3.8472725287023986 3.111034935816435 3.015428832146545e-06
2 -1.2819738036044304 2.7823734241068783 0.22359767703845002 -5.981006173473434e-05
2 4.017324781904638 -2.294011677145118 0.3157351253069116 5.321809623661616e-05
2 -2.8292249309311686 -0.5925649921248146 -2.3189514115752594 -7.589185246475178e-05
2 3.8953541053178986 3.166973294481627 -3.7324841937018762 1.9169094527103513e-05
2 -0.5209661575100011 0.9609017226686891 -1.9133449448395137 -6.445639481940369e-05
2 -2.369200925530206 3.3274364601675224 -0.02498817627864014 -4.6199559577275246e-05
2 2.8073606343402826 0.5828167084651037 0.34519748816946816 0.0001693995931193687
2 -1.5467531002155326 4.415582448513743 0.38208182897302834 -1.924229807430894e-05
2 4.236864710854067 -1.1543195843019833 3.5190074190665834 2.9728209085201244e-05
2 3.232186160512816 -1.2047118523754263 0.11739078854585205 0.00011047279809847711
2 1.7459983248510094 -4.0824641692016606 2.7133090335844905 1.561492924673643e-05
2 -3.7024273536077903 -1.3945034811866055 1.743992843924321 -6.13527126601177e-05
2 0.6677721090032218 3.7943703828460373 4.295972491076509 4.25553094723035e-06
2 2.176419865774081 1.7918159930806414 2.116998997267408 6.743158402762727e-05
2 -3.1632124026008377 3.9622164185953173 2.6534441518212057 -2.0864808767026595e-05
2 -2.2841008106782517 2.31147567493009 -2.22640467401288 -4.992341821864511e-05
2 3.5227296058111905 -0.32838539434218017 -0.5529382642716008 0.00010774387589723053
2 0.5623049400572908 4.3201532263922084 3.548817802359154 3.9086295807056906e-06
2 3.447940829442997 3.1839869090454966 4.030402758431841 1.758132749586207e-05
2 0.4686452680731401 2.0503165858817223 -2.553408056957543 1.725835075612745e-05
2 -1.184405802522713 3.4420054810380085 2.2457695306317094 -1.9754706242679414e-05
2 0.10713261756691583 2.1580896346687446 -0.04649628483440438 1.391639930485972e-05
2 -4.086380580570254 -2.4950154702716554 -3.077331374948648 -2.7583703225192474e-05
2 -2.3484863195518564 -0.6142331727611063 2.2392076465494553 -8.98631898707073e-05
2 0.8252979054138558 -0.10764251457579199 -1.6198651142843068 0.00018144765881024006
2 -2.5385077163396477 4.281451309645839 -2.244211525771857 -1.94777953926726e-05
2 -2.638086596991484 1.308969764402744 3.5933716418129835 -3.418166127904474e-05
2 -2.5208943466357687 2.6737207793472964 -4.423126545221886 -1.6316798463992736e-05
2 -2.470653543674373 -3.0593689016314736 -3.1168929331049995 -2.4939405521896803e-05
2 -1.7145379167518895 4.337851211770228 3.9460711040319874 -9.064163224993793e-06
2 1.0138340659155443 1.1507850679757228 0.7730535091103894 0.0002723501376907845
2 3.598857925546505 0.0606990625030539 -1.3863371698891753 8.641548982512036e-05
2 -1.3893269001427861 0.7942629963416108 -1.0356235919132013 -0.0002855356185837585
2 1.5205600103845054 -1.1028247559125313 -3.0891172748075135 4.3048467558048625e-05
2 -2.4720467291808137 -2.946818508556543 -4.185152287246595 -1.6619012095956396e-05
2 4.519598108942122 -0.6178472256641978 -4.1898878215203545 2.306358438494193e-05
2 -2.3259812610048374 2.4135642250995346 -4.4213349101403 -1.6918818211320796e-05
2 3.750431835395273 -3.4914993328441652 2.054140827120892 2.794602327713607e-05
2 0.9950048435138799 -2.8641816502287725 -2.3179817231362607 2.3678345385071576e-05
2 -0.44965918198903765 -3.1496936986349544 -4.481109735917964 -3.3579117879313857e-06
2 1.6369296375683655 2.109769811805009 1.5431752467882465 7.607100092362642e-05
2 -0.9100679254569264 -4.324807508447302 2.8575658349206083 -7.825960639674576e-06
2 2.882443966573492 -2.210298045542078 0.08998200204217177 8.249034236677705e-05
2 -2.3995516667197236 1.9317630415216858 3.73540286563835 -2.717049874760721e-05
2 2.850916709159593 3.3086267198445034 4.222363647729419 1.5410920023637213e-05
2 1.448672677183355 -2.845190276888885 1.922377285127994 3.7278889799293035e-05
2 -3.9751251966333983 -2.1803070721987274 -3.391561655826516 -2.7280481551531686e-05
2 -1.0271722296467067 -0.7260523492609958 1.3454294988682483 -0.00022336552509245132
2 -2.459478988118319 -2.8805112976337788 1.703956331169512 -4.5540333615701174e-05
2 -2.3132771681861013 3.5967156265659748 1.1818384886691735 -3.4643463377156876e-05
2 -3.196229754783173 -0.47576768397811087 4.52878820361832 -2.31367347729619e-05
2 -3.2826812673707715 -0.6701286181841803 0.9898197717538855 -0.00010800840906962202
2 -3.032109823066973 0.7633988671526142 -2.040256449782692 -7.979409146648895e-05
2 0.13521287659958325 4.154914238346074 1.994656585482356 1.7750551215558284e-06
2 3.7521955708379826 3.6619457279684093 0.9885330511626673 3.128470959485752e-05
2 -2.7434502200557893 -4.5312037640462295 -2.163350988569737 -1.806840187189819e-05
2 -1.1682523670829048 2.058366513847523 0.4472457614632086 -0.0001139369935357532
2 -0.8659559362135392 2.1141735372130555 -1.1111215569792163 -7.109132340614937e-05
2 0.9882190607994481 -4.044387815878772 -0.27847490708144207 1.7799337933759955e-05
2 -0.449297498015067 -1.3234674006213778 1.9390005797319523 -4.373942759737789e-05
2 -2.814544436998636 2.826736975465807 -1.0936121752017764 -5.3068575025821664e-05
2 -2.453597640541693 -1.809164227645788 1.5770453953465626 -8.330992667650455e-05
2 -2.4255403716565307 -0.9659164867566723 -0.7991798207307275 -0.0001718573077784282
2 -4.1952535451093125 2.6974225163222707 2.1134672956849254 -3.338428159089852e-05
2 -4.092562421631294 -3.059087011476109 3.136136362250002 -2.3238937842121173e-05
2 -0.47349865567384963 -0.30130679551530015 -1.8956130638480935 -8.007497362550345e-05
2 -3.836862232527019 -2.851259675840109 0.009274941676348902 -4.589468199076048e-05
2 -1.7677923400766171 0.764718327076662 -1.927391949472939 -0.00012137717852361851
2 -1.805319288019887 4.019124714298694 -2.794130174184389 -1.6010336682641718e-05
2 3.1072498422015524 -3.4641326702538358 0.07857935991903453 4.021814548005373e-05
2 2.0890204390338756 4.125246464139193 -0.44715537402725136 2.6958345609061337e-05
2 0.14255242439245563 0.622188843046513 -3.2365612674844977 5.289079039041406e-06
2 2.1874400175301103 3.13660810479658 1.5860695035903642 4.07885899487727e-05
2 -0.653658116804801 3.8555387141201605 -0.21610655622749686 -1.4324800483488692e-05
2 -4.248383325998167 3.205485274498244 3.838893695982608 -1.7823847905203496e-05
2 -0.6377661757291828 -1.0527734802479896 2.5375117087392747 -3.810017650625234e-05
2 1.183581666104546 -1.9759649789170708 -2.5586614198321693 3.882660047213314e-05
2 3.4879306249975537 -3.156076548885178 4.328181728707254 1.5941622628078888e-05
2 4.290845703317848 -2.326379220689902 -4.157348321630444 1.9474129500027367e-05
2 2.8248230793187306 -1.0648997077113873 -1.0850315035988882 0.00012070861796874383
2 2.1692986700344923 0.4011964038707756 3.212136585914453 4.8988552575347484e-05
2 -2.0110801884557468 -2.710378463890165 1.698310303713975 -4.994566993658249e-05
2 -4.367728918370739 -1.378556900136759 -3.4513176981358615 -2.880165892778082e-05
2 2.1161087207355553 -1.7253342854464524 3.074706502533094 4.0281203344658816e-05
2 2.0254324884434913 -1.5237216789552486 -4.170166577290058 2.2310625208502782e-05
2 2.8528212889538764 1.5488525681710374 -2.0413258330215682 6.861599547645415e-05
2 1.60572386331895 0.0033743652620055187 -2.974466605467737 5.6109587393591884e-05
2 3.651491872455474 2.7283572384933272 -3.41763646872094 2.450473919103763e-05
2 -0.10194691766341002 -1.3323297627045356 3.0523946270566045 -3.665495035624849e-06
2 -3.6897509481291566 -3.481718303071112 -2.287729901665636 -2.6760955122766943e-05
2 -1.74613021257335 1.704494547877606 2.908665739800414 -4.2549436085013764e-05
2 0.7920430478649418 0.35089421018057365 -2.260962273820651 7.489219012205646e-05
2 4.466851648963542 4.019521145599881 -4.444621808247987 1.2022838887990067e-05
2 1.1718801256544573 -3.821583590556265 -3.8672798157218815 8.429017598053907e-06
2 -2.0503255717720696 4.370698547418072 -2.500791042796438 -1.591728857653882e-05
2 -0.8897446770642738 -4.017500189557187 4.520831347132149 -4.688713777831647e-06
2 3.7071952960602266 -2.2485933650179035 3.087247981120429 3.11423266884341e-05
2 -0.9866062927743489 1.369870343296248 -0.20319202384343527 -0.0002720663719648009
2 -4.0238631934811195 3.1676395385977383 -1.203421218762752 -3.522006802361453e-05
2 2.419727698519001 -4.540909314232504 3.0067392081163824 1.3918112379308883e-05
2 -0.8888123669261772 2.5290329749527807 -2.8317864008679887 -1.9769957919254315e-05
2 3.7770856301925866 3.260278000738789 0.3762689890453519 3.888263114395544e-05
2 0.659911210969149 2.171198922038039 1.3282972001884792 4.864400866968025e-05
2 3.446417438125742 -1.1369823179351752 4.34294692023506 2.3611695912600757e-05
2 -2.5801461459744037 2.7330459728499825 1.9755555320293086 -4.458793583156016e-05
2 -2.959717669069696 1.2438016390769242 3.935168278429951 -2.8826011168924148e-05
2 4.492806451888696 1.3905533755490698 2.1586686093578784 4.170189423043088e-05
2 0.37094318631261824 0.18118633039939525 -2.541499130378091 2.8971224159852028e-05
2 -3.3319995211757476 1.8088258518370965 0.24084552924532598 -8.350339213486057e-05
2 1.671464283967933 3.5105875959551467 -2.6817261118231377 2.0403084790586046e-05
2 -1.8797016755818596 2.788566070395631 1.2289122441125153 -5.515341996038151e-05
2 -3.64749707509568 -2.6463666452744405 4.533631894076458 -1.6677883449225098e-05
2 2.828330798858552 2.138148703230356 -2.5874593984382592 4.408318100811016e-05
2 -2.656268059673595 -0.4272104776967378 0.971088776327603 -0.00016390578936650486
2 -2.4619027137242915 -3.8869015247768774 -3.6488326935011237 -1.4868339995217771e-05
2 1.789155995307036 0.6727141509635111 -4.259959384034712 2.2674628692139916e-05
2 -3.347153425061176 -0.1921439030572092 -2.3777662798593258 -6.498088503894471e-05
2 -3.374606209294594 -1.471008363420078 4.13296152734462 -2.487296678815586e-05
2 4.519614959357354 1.1570516848969001 0.6704264592937967 5.714855032564138e-05
2 -2.832790483221487 -2.164834850137478 0.2942477725684949 -8.511293037577429e-05
2 1.9704752069683007 0.5824888158140036 -2.4069886603431754 8.529270578025021e-05
2 4.049649781373751 2.6556473965198606 -2.3695751483361605 3.269685414109833e-05
2 0.014731421113058474 -0.19640278747725404 -3.821438746779428 3.4816463860209003e-07
2 -3.768901243860136 1.8066934520797986 0.10889305947140926 -6.977364839664966e-05
2 0.7899616987001874 -1.9718629403910244 1.4729812403696156 6.145199639448972e-05
2 3.379298598824251 -2.87066737561129 -2.373184136435947 3.40927480597905e-05
2 -3.9591999344470015 0.0804573215490656 1.818317034452579 -6.423872332448599e-05
2 -0.3581286859588477 -3.498727465738426 0.8956272098674329 -9.922404143385232e-06
2 4.507599452202421 1.6399963982957493 -3.5399594778702257 2.6144752303375292e-05
2 3.104793624698062 -2.990711780013111 -0.5471894518302163 5.01577212829745e-05
2 3.3708346778590093 -2.0204928222364855 3.4671553902561234 2.9719533639478012e-05
2 -2.1036205062033138 3.495893450977177 -1.9077679172792874 -2.997048959467689e-05
2 1.934490412333286 2.3246830896451955 0.9142523439605394 8.408582709980528e-05
2 -1.4877657075440935 3.4180626963587004 1.733403776345285 -2.81646920192224e-05
2 4.38943814424185 -2.259946931066685 -1.4543654541057265 4.143630848932227e-05
2 1.9460031699072058 -0.14576952584444403 -2.216900578457797 0.00010456201075032968
2 -0.3807677680951178 2.827382317866144 1.604833976099509 -1.4469934218700414e-05
2 -0.26265468786647883 4.078776737941408 -0.9018790004111694 -4.672891326986589e-06
2 -3.655552417079444 0.5647620246085756 3.8152236720433246 -3.0860315257938576e-05
2 3.357463812849435 2.161275301734107 1.7309344431395957 5.417399479745528e-05
2 -3.817717385482051 2.900728705051354 3.3145433158941824 -2.3771913857718784e-05
2 2.3249003287717747 -3.3415747959853297 3.3152018854595466 2.025332430513529e-05
2 1.4288896671348876 -0.8290284923477134 3.9475673359239076 2.3832345567947736e-05
2 3.7650196706246897 0.3944351874754952 0.7859736835204343 9.009139203892222e-05
2 -4.071186011133156 -3.6906559343024146 4.057446574504426 -1.4899862950671686e-05
2 -3.339047828895488 4.234993006963886 1.2514618072250885 -2.4582836007381922e-05
2 1.1684047197952463 1.8614467065243412 -2.6650516203097543 3.792298951643768e-05
2 -0.11448238245695919 -3.7337226462583426 3.52283071150313 -1.0641661105997665e-06
2 -3.7189580654046717 -1.7944422720750004 1.1106186337238269 -6.391540628782362e-05
2 -2.3427573120834597 -0.38158772897770366 0.40234020270541304 -0.00025111003247459
2 -4.086104682259561 -0.8145886608894806 3.644052167185463 -3.024768719577959e-05
2 0.7452083292734866 -3.7911694211651765 -0.2228817975899977 1.6957815700094998e-05
2 -0.37217116862799227 -3.3779168003313993 -1.4936353390196935 -9.618853209041133e-06
2 -0.8563967163266288 0.6834754061344634 2.173325954584106 -7.989349993477775e-05
2 1.0998262951916482 -1.603583075602895 2.4571061835653065 4.811372352188904e-05
2 0.24817534611879744 -1.4739230874593465 3.8084530762420945 4.744111322269881e-06
2 -0.792471166784829 -2.034947077901753 1.3652697781854544 -6.232703082937959e-05
2 4.16562145842918 1.581390994092101 2.3904201302761496 4.159442699518434e-05
2 -0.45094584719423203 -3.2686527218989005 -4.414164741164311 -3.3370755957763712e-06
2 -0.2560754155728402 3.5729463868817364 2.361404117732272 -4.21555670262899e-06
2 -1.2285368216550432 -4.4821259765264925 -2.696470002275069 -9.885988496232115e-06
2 -2.7871667986945257 0.3218348389184529 -0.28849128466952845 -0.00018177364886541003
2 0.02215887793614968 1.6134123279502441 -4.1230464678990195 3.317814989704506e-07
2 3.131442991985061 3.6537274673805777 -4.272315393129992 1.3979208434353263e-05
2 -2.0628663815630612 -2.8600623299402024 -3.246709924432457 -2.407189869146569e-05
2 -2.1043743230344494 -0.3848169005965234 -2.522289942707373 -7.959970320532087e-05
2 -2.269644115422628 0.6247953897973595 -3.060014021884376 -5.285913998949778e-05
2 0.26521725108033234 1.8751918057394894 -0.7669425078759424 4.055293055971528e-05
2 2.0452444301469725 -3.8256473661426096 2.60166702106849 2.006938232083395e-05
2 -1.3795682960612505 0.5516735085112661 1.3464333910603496 -0.0002409205411521956
2 -3.834852416245715 -0.4961421602668903 3.5847939849342305 -3.325677939541607e-05
2 -0.9224161630805545 2.101556984230215 1.236015321018388 -7.021541240883545e-05
2 -0.9992296629095434 -1.1960344727757386 1.9763672060641788 -8.472616805111776e-05
2 0.9734065979750701 1.617862831074886 2.786959020479838 3.412840330673985e-05
2 1.4744681782514455 1.7836012258365148 1.40102937886389 0.00010221180988475941
2 -2.6904429038082824 -2.624902898741751 -3.2549857666840025 -2.8013054708495923e-05
2 4.014082177846125 3.7197383177761933 2.6556240153599706 2.1707303942338048e-05
2 0.12207593999665356 4.241338742009723 -0.1674537189594556 2.0775848462087925e-06
2 1.1475947742697077 4.1231032643141825 -3.6239813119193967 8.03396884735983e-06
2 -0.18744495987506493 -0.5570996906895109 2.2773725396876614 -1.9058083433296445e-05
2 3.941279206340904 -0.9338075239071291 -3.434377514356596 3.3420912335026545e-05
2 3.2129887706249862 -1.905238754539572 -0.9570274497882392 7.649938834149523e-05
2 3.362527669709438 -0.4757790800825017 -4.415240726249525 2.426792383650485e-05
2 2.1705792692883072 3.3614275056492664 -1.139434211432524 3.983718136133993e-05
2 -2.544977597549275 1.3399234585314392 -0.860745236277515 -0.00013320371016659706
2 -1.455816382566144 -3.293395027583763 1.3224557890500641 -3.423474903884603e-05
2 -4.096823103562966 2.8253963022984045 2.415943714614368 -3.0387292333590432e-05
2 0.5383300395680708 -4.399314176680697 -4.240002506584599 2.8059394104304597e-06
2 -4.531846892789179 2.1589309205924154 -4.366994241689378 -1.8163238711470176e-05
2 -3.0007883846919112 -1.863052935049215 1.516534094267393 -7.183755744290451e-05
2 2.9629351468451945 3.9558085736102635 -3.1039556318827763 1.829761956875787e-05
2 3.202686982594191 -0.5058451044858989 2.924882689646309 5.100216153899641e-05
2 0.9249717463331475 0.1583714423830589 -1.4241673289263876 0.0002503018463087606
2 -0.9201456917345814 -2.683660474049889 -3.648278907549262 -1.1998864233365478e-05
2 -1.7751267795127865 -4.085269920488511 -1.7832900925842972 -2.061643478016447e-05
2 -0.9042436394319391 -3.108070642819337 3.736847250202879 -9.50919681166328e-06
2 -3.7939384315508295 3.35694582358066 -1.2874996465217432 -3.385064919113307e-05
2 3.690706426587332 -3.63042738868667 -1.5135782918607132 2.9676667269505826e-05
2 1.8213391820160103 1.570076318619952 -1.705860654015769 9.794616751001198e-05
2 -1.3281800303353872 -0.746312952992565 -2.561999898827489 -6.801907617035949e-05
2 3.3246891123184055 2.086621662854096 3.1696035608951885 3.318017977562557e-05
2 -3.6562160965233073 -0.3820800378786897 0.49118738221505875 -0.00010003004920944474
2 3.674727088181405 2.752738776752289 0.45965582035045394 4.9234404851704295e-05
2 -1.4478471528362205 4.374407168656616 0.565350599406572 -1.865260867506073e-05
2 -2.4374999782389253 2.125647868285256 3.790531610523346 -2.5164466373366238e-05
2 3.362198649397114 0.9631644290793338 0.5229793302834551 0.0001065858164109424
2 -2.4979955099003517 -0.7508386115923686 -4.511609010116364 -2.2306904600124177e-05
2 2.9146878662635816 3.8427640762110284 0.27315588161138393 3.338064655036626e-05
2 2.223545826487582 -0.8359598401115176 3.7947225169898244 3.2329766996427845e-05
2 0.27882747747155623 -0.7677139340376873 1.7630739503851194 4.922171627177981e-05
2 2.6022882280784723 -4.41747517486964 3.7311370046699883 1.2185190516485542e-05
2 3.7255496122070975 -2.593080615598258 -4.49478771517346 1.707932788425284e-05
2 0.7979973714998598 1.603709835816849 -3.178093030610507 2.1811348802791617e-05
2 -1.8714849670169351 -1.0344755754986594 1.4246614470826886 -0.00015553007252930458
2 2.011984358977033 2.7176124290969854 -3.559393798322672 2.1735908102724332e-05
2 -2.0622041097847257 -1.4547639728375539 2.5569940379076 -6.0062702133309375e-05
2 2.7973734336614475 1.5641155387283634 2.6869904458904523 5.0892968285894e-05
2 -3.38588104430497 2.750311220194228 -3.708338273901433 -2.2319864229886983e-05
2 -0.29246270528186 4.005897000736133 0.6952697156900767 -5.6521198466425175e-06
2 -4.094429011020984 0.9052758321457928 2.604762444299861 -4.420682946353789e-05
2 3.610407910340375 4.5045893119761375 0.42071451426810214 2.2984753326541452e-05
2 4.401346480313644 -2.554394958989425 -2.1238735589782647 3.307265923742151e-05
2 -2.1342744747667886 -0.48179217265831653 2.848218626184776 -6.230597253235331e-05
2 4.451755664764328 2.971515313030479 2.619140456871185 2.5850533851405405e-05
2 -3.5398326282358146 1.1984527799833895 3.3717524766778437 -3.566086139777374e-05
2 3.5464801330544775 -3.2753341255362862 -2.519502971825705 2.7607647189245465e-05
2 1.540726170104989 -0.7078654076776121 -3.4445455709628474 3.617077037339791e-05
2 -1.5549764131769832 -2.061207560287637 1.1171379560822619 -9.580537126346989e-05
2 -1.0029850682423356 3.0500272235501074 -3.162003254587076 -1.4173692567541281e-05
2 1.9374671545733246 2.528877059282193 1.161552027579809 6.749038455241047e-05
2 -2.008005646895796 2.362572515833272 3.472622489599938 -2.5721653905728305e-05
2 2.0731460561171033 4.135240345176629 2.344953074972671 1.876769440511831e-05
2 2.4929372057736137 -1.096380565521009 0.06250644775540426 0.00017881918310076966
2 -2.6653227430601794 -0.5384225348693885 -2.1469836996709226 -8.834742553353958e-05
2 3.426947076796451 -3.154337925408431 3.448015863809638 2.1711120741174467e-05
2 -0.7404677870939431 -3.7844322034436932 3.9620068509598374 -5.424913570180869e-06
2 3.0354618243279514 4.258004522999749 2.073460349297175 2.1172454174857174e-05
2 3.3355589061308066 -2.6080226317614894 -2.193245529272294 4.0002737391385475e-05
2 2.240624676698995 -1.0107756370079297 -2.654709601539225 6.405718650359681e-05
2 -2.6664341053455263 -0.9688847346906919 -0.9477331836670508 -0.00014211544015005966
2 -2.986816472359898 -0.3251021936432563 1.0883903583361265 -0.00013016827135585183
